1000056
1000108
1001217
1001457
1001675
1001927
1002220
1002946
1003007
1003780
1004100
1004454
1005079
1005158
1005614
1005812
1006387
1006572
1007035
1007557
1007617
1007734
1008241
1009565
1009635
1010595
1011137
1011611
1011697
1011986
1012119
1012303
1012651
1014154
1014336
1014401
1014542
1015618
1016837
1017013
1018381
1018546
1018718
1019675
1019754
1020229
1020743
1021419
1021685
1021946
1022083
1022371
1022440
1023199
1023411
1023989
1024255
1024531
1025052
1025323
1025825
1026937
1027051
1027581
1027768
1027795
1027837
1027924
1028299
1028437
1029354
1029615
1029627
1030158
1030215
1030227
1030251
1030510
1030546
1030753
1031134
1031932
1032775
1033109
1033325
1034669
1034962
1035000
1035392
1035441
1036060
1036778
1039367
1039590
1039870
1040028
1040170
1040269
1040331
1040379
1042294
1042993
1043570
1043791
1044163
1045355
1046006
1046637
1047108
1047470
1047533
1047634
1049939
1050200
1050479
1050852
1051078
1051255
1052788
1053032
1053550
1053918
1054088
1054662
1055723
1055818
1055997
1056820
1056938
1057019
1058901
1059760
1061280
1062138
1062491
1062590
1062757
1063362
1063568
1063579
1064352
1064665
1064796
1064820
1065369
1065387
1065511
1065548
1066952
1067364
1067562
1068463
1069045
1069406
1069697
1069800
1070286
1071332
1071784
1072074
1072441
1072748
1072846
1073062
1073387
1073786
1074754
1075473
1075776
1076045
1076395
1077002
1077158
1077796
1078412
1078498
1079262
1079695
1079830
1080322
1080378
1080474
1081538
1082584
1082638
1082642
1082728
1083647
1083659
1083671
1083870
1083960
1085315
1085918
1087065
1087567
1088320
1088675
1088807
1089483
1089812
1091113
1091472
1091522
1092622
1092789
1093204
1093253
1093360
1093616
1093981
1094441
1094887
1095256
1095495
1096531
1096734
1096867
1097134
1097279
1097509
1097608
1097747
1098170
1099580
1099637
1099641
1099727
1100310
1101324
1101499
1101815
1101830
1102728
1102776
1103277
1103403
1105687
1106462
1106571
1106902
1107558
1108876
1108881
1109016
1109606
1110823
1111138
1111620
1111647
1112470
1112559
1112586
1112968
1113096
1113438
1113524
1113843
1114143
1115415
1115427
1115752
1116063
1116291
1116450
1116566
1119262
1119444
1120423
1120644
1121337
1121617
1122542
1122873
1123140
1123459
1124476
1124653
1124727
1124978
1125924
1125960
1126409
1126448
1126460
1126650
1126796
1126859
1126925
1128378
1128493
1128759
1128786
1129201
1129388
1129676
1129736
1129803
1130001
1130824
1130848
1130897
1131182
1132049
1133318
1133449
1133813
1133844
1134031
1135053
1135877
1136187
1136500
1136851
1137009
1137601
1137973
1138043
1138136
1138205
1138910
1139527
1139861
1140156
1141546
1142245
1142565
1142577
1142603
1143154
1143538
1144628
1144995
1146186
1146540
1146752
1147145
1148450
1148527
1148566
1148817
1148947
1150623
1151006
1151088
1151766
1152150
1152165
1152371
1152703
1152807
1153328
1153503
1153833
1154159
1154617
1154965
1156793
1156811
1158244
1158676
1158748
1159163
1159694
1159806
1160805
1161018
1161268
1161474
1161843
1162672
1164026
1164809
1164953
1165392
1165520
1165663
1166398
1166562
1167135
1167218
1167296
1168656
1168977
1169818
1169829
1170813
1170867
1170950
1171920
1172322
1172850
1173108
1173244
1173940
1174012
1174372
1176664
1177157
1177330
1177394
1178057
1178249
1178554
1178989
1179431
1180182
1180681
1180711
1181364
1181398
1181613
1181863
1182183
1182286
1182910
1183045
1183162
1184015
1184768
1184804
1184909
1184911
1185023
1185993
1186747
1187112
1187198
1187236
1187844
1188397
1188432
1188882
1189447
1189756
1191811
1192390
1192859
1193973
1194134
1194438
1195401
1195432
1195792
1197878
1198487
1199105
1199523
1199638
1200050
1200374
1200463
1200730
1201454
1201469
1201528
1202056
1202724
1202736
1203070
1203134
1203999
1205091
1205224
1205595
1206609
1207040
1207606
1209122
1209324
1209500
1209849
1210002
1210158
1210251
1210993
1211070
1211176
1211560
1211764
1213183
1213641
1213773
1213840
1214592
1214793
1214855
1215173
1216364
1216973
1217348
1217695
1217743
1217945
1219082
1219174
1219292
1219972
1220131
1220471
1220687
1220962
1221025
1221388
1222189
1222507
1223790
1224455
1224974
1225085
1225346
1226631
1226894
1228567
1228599
1228629
1229076
1229203
1229331
1229549
1229933
1230272
1230584
1230707
1231573
1232096
1233127
1234229
1234631
1234679
1234990
1235088
1235338
1236288
1236818
1237635
1237691
1238068
1240257
1240999
1241064
1241750
1242318
1242707
1243100
1243469
1244269
1244384
1244515
1244964
1245140
1245506
1245654
1246280
1246645
1247481
1247749
1247978
1248333
1249621
1249805
1249871
1250073
1250239
1250563
1251554
1252026
1252276
1252738
1252872
1253059
1253500
1254760
1255011
1255495
1255735
1255791
1256272
1256353
1256579
1256638
1256661
1256801
1256826
1256832
1257461
1258034
1258235
1258683
1259773
1260169
1260360
1260679
1260684
1260788
1261247
1261259
1261618
1261879
1262188
1263016
1263101
1263126
1263144
1263554
1263692
1264579
1264674
1264689
1265141
1265477
1266001
1266420
1267250
1267446
1267870
1267911
1268760
1269310
1269387
1269649
1269666
1269877
1270042
1270130
1270299
1270429
1270755
1270772
1271121
1271312
1271347
1271596
1271778
1271828
1271863
1271876
1273767
1274563
1275199
1275376
1276223
1276387
1276733
1276850
1276901
1276958
1277584
1278894
1279075
1280162
1280323
1280488
1281811
1282961
1283106
1283402
1283613
1285336
1285397
1285743
1285928
1286637
1288507
1288552
1288590
1290359
1290863
1291283
1291385
1291939
1292020
1292372
1292475
1293001
1293184
1293252
1293405
1293687
1294575
1294685
1294922
1295066
1295239
1295507
1295563
1295581
1295647
1296328
1296692
1296805
1297340
1297573
1297758
1298417
1298627
1300064
1300154
1300397
1300542
1300808
1301325
1302364
1302541
1302735
1303455
1303688
1303938
1304087
1304430
1304617
1304693
1306498
1306588
1306848
1307008
1307015
1307664
1308056
1308931
1309152
1309223
1309257
1311016
1311376
1311898
1312327
1313589
1313830
1314000
1314797
1315192
1315504
1315658
1315807
1315951
1316502
1317096
1317257
1317597
1317999
1318076
1318357
1318549
1318551
1318655
1318701
1319428
1321386
1321562
1321754
1321876
1321890
1322259
1323323
1323920
1323947
1323971
1324534
1325460
1326085
1326524
1327035
1327069
1327091
1327353
1327466
1327656
1327844
1328098
1328324
1328360
1328480
1328963
1329131
1329351
1330007
1330758
1330767
1331506
1331836
1332411
1332483
1332729
1332925
1333139
1333908
1334176
1334877
1335253
1335574
1336969
1337365
1337388
1337652
1337724
1337887
1339568
1339921
1340704
1342129
1342222
1342713
1342767
1343197
1344308
1344498
1345760
1346143
1346601
1347005
1347103
1347204
1347873
1348337
1348568
1349161
1349633
1350338
1350987
1352663
1353608
1353694
1354680
1354973
1355091
1355120
1355638
1356439
1356624
1357650
1358116
1358290
1358635
1358700
1359721
1359919
1360096
1361262
1361706
1362337
1363779
1364488
1364697
1364947
1365001
1365228
1365366
1365622
1367124
1367172
1367823
1367978
1368036
1368150
1368305
1368644
1368881
1369273
1370055
1371304
1371353
1374641
1374903
1375008
1375911
1376650
1377007
1377019
1379130
1379404
1381645
1381846
1382066
1382138
1382380
1383745
1384249
1384587
1384864
1384898
1385346
1386098
1386360
1386593
1386616
1386657
1387908
1388205
1388580
1388637
1388954
1389291
1389515
1390385
1390950
1391269
1392037
1393783
1395124
1397252
1398031
1398126
1399359
1399504
1399881
1399908
1401267
1401306
1401711
1401916
1402030
1402174
1402911
1403728
1403776
1404390
1404409
1404785
1405223
1406135
1406542
1406631
1406792
1406945
1407200
1408618
1409340
1409947
1410644
1411022
1411159
1411255
1411272
1411595
1412253
1412525
1415142
1415239
1415620
1416079
1416886
1416961
1417744
1417947
1418176
1418190
1418387
1418438
1418705
1419115
1419275
1419663
1420501
1421027
1422093
1422232
1422429
1422453
1422663
1423310
1423560
1424011
1424188
1424658
1425568
1425790
1425813
1425950
1425977
1426081
1426316
1426384
1426726
1427175
1427249
1428044
1428622
1428962
1429355
1430303
1431525
1431631
1431695
1431777
1431963
1431981
1432211
1432595
1432642
1433367
1433519
1433948
1435099
1435315
1435366
1436151
1436404
1437271
1438048
1438479
1438863
1439961
1440209
1440540
1441118
1442967
1443038
1444499
1444721
1444866
1445088
1445696
1446100
1446633
1446757
1446997
1447872
1448974
1449009
1449060
1449072
1449188
1449200
1450388
1451150
1451364
1451440
1451613
1451915
1452111
1452580
1452653
1452802
1453045
1453998
1454702
1455961
1456004
1456018
1456771
1456888
1457112
1457341
1457625
1458191
1458928
1459044
1461099
1461836
1462942
1463585
1463680
1463908
1465309
1465413
1467093
1467470
1467854
1468082
1468156
1468277
1469385
1469642
1469790
1469921
1469939
1470702
1471095
1471614
1472044
1472102
1472471
1472855
1473631
1474404
1474571
1474984
1475495
1476091
1476171
1476625
1477053
1477240
1477850
1477901
1478007
1478153
1478235
1479160
1479247
1479823
1480122
1480336
1480348
1480990
1481148
1481428
1481463
1481935
1482386
1482541
1482735
1482927
1483144
1483266
1484813
1485368
1486195
1486793
1487698
1487911
1487983
1488496
1488835
1490158
1490251
1491400
1491509
1491548
1491630
1492063
1492246
1492817
1493136
1493544
1493604
1493696
1493884
1494067
1494276
1494308
1494565
1495453
1495984
1497262
1497372
1498600
1499027
1499948
1501175
1501503
1502315
1502700
1503033
1503204
1503952
1504061
1504089
1505570
1505982
1506523
1506600
1506858
1506965
1507062
1507279
1507649
1508090
1508118
1508443
1508648
1509407
1510310
1511976
1512661
1513125
1513243
1513702
1513983
1514063
1514331
1514368
1514624
1514825
1515228
1515622
1515860
1515897
1517043
1517338
1517544
1517599
1517823
1518177
1518819
1518908
1519639
1519833
1520052
1520331
1520406
1520582
1520998
1522126
1522251
1522266
1523484
1523680
1524720
1525033
1525229
1525311
1526160
1526954
1527226
1527645
1528344
1528478
1528804
1529707
1529880
1529899
1529943
1530055
1530791
1531087
1531523
1531625
1531745
1531790
1533032
1533058
1534903
1535027
1535051
1535344
1535507
1536483
1536554
1537196
1537838
1537933
1539127
1540360
1541148
1542484
1542613
1543084
1543328
1543859
1544304
1545323
1545465
1545624
1546717
1547399
1547422
1549041
1549511
1549843
1549877
1550864
1551145
1552302
1552655
1552660
1552799
1553727
1554131
1554140
1554498
1554654
1555226
1555299
1555652
1556274
1556722
1556746
1557146
1557241
1557616
1557623
1558236
1558415
1558540
1559768
1560065
1561008
1562835
1563128
1563284
1563391
1564060
1564150
1564495
1564518
1564529
1564585
1564890
1565396
1566316
1566465
1567974
1568001
1568405
1568464
1568654
1568953
1569262
1569270
1569963
1570207
1570824
1572161
1572581
1572841
1572896
1573297
1574016
1574132
1574729
1575037
1575303
1576098
1577863
1577973
1578868
1578895
1579104
1579316
1579713
1579842
1580449
1580625
1580674
1582223
1582967
1583822
1584336
1585155
1585247
1585445
1585978
1586206
1586358
1586519
1586955
1587026
1587588
1588175
1588319
1590173
1591242
1591320
1591529
1591966
1592039
1592077
1593137
1593780
1593986
1594008
1594265
1594686
1595307
1595639
1595677
1596279
1596284
1596821
1597164
1597531
1598444
1598538
1598830
1600838
1601131
1601315
1601610
1602411
1603457
1603613
1604597
1604630
1605616
1605777
1605808
1606389
1606490
1607173
1607244
1607258
1608768
1609318
1609337
1609451
1610748
1610803
1611371
1612696
1612895
1613726
1613861
1613874
1614576
1614829
1616202
1616310
1617010
1617260
1617943
1618309
1619646
1620723
1620911
1621167
1621455
1621554
1621917
1621961
1622330
1622577
1623187
1623574
1623631
1623695
1623815
1624822
1625060
1626370
1626617
1627029
1628007
1629088
1629840
1630631
1631653
1631696
1631730
1632274
1632320
1632562
1632876
1634473
1635118
1635488
1635582
1635611
1636506
1636669
1636761
1636793
1637030
1637344
1638711
1639391
1640982
1641661
1641734
1641875
1642146
1642866
1642882
1643315
1643789
1644653
1645552
1646762
1646938
1647323
1649025
1649690
1649835
1649916
1650234
1650700
1651275
1651343
1651470
1651564
1651586
1652066
1652590
1653674
1653965
1654503
1654886
1655712
1655865
1656110
1656640
1656765
1657200
1657570
1657675
1658212
1659912
1659947
1661323
1661549
1661861
1663619
1664830
1664981
1665629
1665794
1666073
1666367
1666410
1668334
1668409
1668522
1670614
1670718
1672414
1672465
1672611
1674058
1674116
1675042
1675350
1677154
1677348
1678473
1678625
1679367
1679698
1680662
1680708
1681125
1681410
1681853
1681896
1682042
1682711
1682760
1682835
1683387
1683555
1683814
1684188
1684402
1684537
1684863
1685224
1685451
1687040
1687251
1687762
1688157
1688234
1688252
1688514
1688610
1688717
1688985
1689169
1689178
1689237
1689542
1689873
1690651
1690850
1690888
1691525
1692010
1692248
1692523
1694384
1694488
1694838
1695026
1695184
1695459
1696258
1696634
1697452
1697481
1697670
1697840
1697910
1698791
1698930
1699084
1699677
1700011
1700680
1700746
1701209
1702218
1702311
1703179
1704476
1704618
1704637
1704831
1705313
1705698
1705936
1706334
1706352
1706770
1707655
1708190
1708425
1708705
1709835
1709887
1710045
1710153
1710395
1710959
1712208
1712352
1712483
1712796
1713177
1713238
1714354
1714489
1714493
1714583
1714865
1714980
1715241
1715426
1715788
1716653
1717634
1718410
1718664
1719069
1719858
1720913
1721033
1721640
1721721
1721945
1722198
1722557
1722642
1722693
1722790
1723344
1723519
1723723
1723779
1723818
1724063
1725646
1725809
1725883
1727857
1728951
1729606
1729820
1730911
1731569
1731993
1732195
1732700
1732774
1732855
1733336
1733355
1734201
1735293
1735746
1736625
1736939
1737018
1737843
1737865
1738063
1738210
1739653
1739895
1740635
1740691
1740742
1740789
1741093
1741314
1741392
1741453
1741755
1741810
1744554
1745096
1745555
1746071
1746413
1747312
1747364
1747819
1748727
1749129
1749137
1749672
1749889
1751045
1751302
1751713
1752548
1752627
1753923
1754204
1754237
1754657
1755172
1755361
1755618
1756117
1757044
1757131
1757433
1758101
1758455
1758621
1758805
1760194
1760377
1760810
1761289
1761680
1761845
1762043
1762356
1762490
1762708
1763893
1764454
1764487
1764870
1764997
1767164
1767516
1768064
1768191
1768355
1768397
1769207
1769252
1770146
1770270
1770849
1770976
1771338
1771389
1771526
1771730
1772150
1772165
1772585
1772632
1773227
1773273
1773334
1773455
1773472
1773665
1774255
1774568
1774813
1775527
1776521
1777344
1777410
1777487
1778151
1780084
1780307
1780448
1781279
1781461
1781555
1781958
1782162
1782443
1782508
1782767
1782889
1782893
1783205
1783749
1783782
1783987
1784099
1784290
1784543
1785194
1785377
1785810
1785869
1786402
1786457
1786667
1787360
1787815
1788318
1788516
1789288
1791239
1791292
1791534
1791576
1791659
1791784
1791885
1792108
1792598
1792854
1792887
1793346
1794305
1794746
1795341
1795813
1796196
1796566
1796697
1797132
1797334
1797455
1797578
1798382
1798883
1799191
1799324
1799355
1799589
1800436
1800587
1800621
1801018
1801128
1801134
1801378
1801651
1801926
1802439
1802905
1802959
1803021
1803730
1804506
1805979
1806055
1806097
1808415
1809326
1809545
1809590
1810146
1811160
1812225
1813522
1813643
1813741
1814427
1814693
1814977
1816327
1816550
1817030
1817206
1817292
1817313
1818232
1818676
1820992
1821203
1821780
1821893
1822839
1824355
1825831
1826358
1827471
1827811
1828812
1828820
1828917
1829060
1829828
1830306
1831529
1831769
1833515
1833660
1833780
1833817
1833998
1835307
1835472
1836555
1837046
1837494
1838348
1839774
1839855
1840481
1840816
1841239
1841277
1841563
1841911
1843322
1843400
1843705
1844192
1844930
1845010
1845211
1845449
1845943
1846129
1846137
1847023
1847031
1847282
1848539
1848811
1849589
1850694
1851146
1851348
1851413
1851631
1851788
1851873
1852272
1853250
1855179
1856306
1856564
1856709
1857124
1857868
1857879
1857895
1858072
1859230
1859249
1859614
1859621
1860671
1861068
1861144
1861692
1862962
1863033
1863355
1863739
1863815
1863907
1864441
1864634
1864846
1865036
1865256
1866466
1866992
1867085
1867176
1867231
1867284
1867999
1868203
1868246
1869065
1869389
1869708
1869727
1869857
1870357
1870582
1870701
1870780
1871013
1871970
1872227
1872535
1873585
1873680
1874303
1874975
1876831
1876935
1877598
1877854
1878214
1878265
1878332
1879415
1880787
1880852
1881272
1881318
1881832
1883001
1884043
1884526
1885702
1885837
1885924
1886215
1886898
1887196
1887609
1887800
1887889
1888107
1888682
1888759
1889724
1890929
1892552
1892581
1892948
1893046
1893858
1894031
1894554
1896668
1898021
1899269
1899291
1899443
1899465
1899492
1899758
1900022
1900396
1901063
1901713
1901920
1902771
1902877
1902975
1903343
1903681
1905868
1907228
1907471
1907506
1907725
1908497
1910539
1910622
1911042
1912142
1913224
1913341
1913763
1914095
1914227
1915240
1915814
1915967
1916324
1916542
1916684
1917009
1917192
1918259
1918637
1919203
1919323
1919508
1919889
1920820
1921231
1921705
1921720
1922439
1922443
1922732
1922861
1924290
1924897
1924953
1925388
1925404
1926863
1927270
1927589
1927750
1929214
1929250
1930124
1930325
1930513
1930823
1930922
1930946
1931138
1931716
1932404
1932564
1932586
1932968
1933493
1933694
1934114
1934769
1934778
1936063
1936379
1936800
1937334
1937614
1939882
1940108
1940151
1941011
1941320
1941863
1942544
1942766
1942884
1943655
1943780
1943912
1944422
1944818
1944924
1944955
1946346
1946509
1947236
1948296
1949123
1950998
1951366
1951521
1952175
1952455
1952621
1953305
1954322
1954387
1954627
1956567
1957869
1958030
1958082
1958156
1958313
1958422
1958469
1959022
1960238
1960402
1960529
1960722
1961943
1962475
1962695
1963394
1963691
1964271
1965142
1965528
1966208
1966591
1967357
1967395
1967905
1968053
1968303
1968798
1969321
1969496
1969783
1969878
1970085
1971169
1971262
1971542
1972010
1972198
1972950
1975717
1975918
1976267
1976628
1976995
1977092
1977183
1977641
1978121
1978431
1980221
1980487
1981266
1981455
1981535
1981688
1981833
1982184
1983336
1983679
1983873
1984115
1984151
1984429
1985807
1986046
1986272
1987705
1988648
1988697
1989247
1989730
1989857
1989868
1990401
1990444
1990777
1991300
1992312
1993448
1993729
1994353
1994473
1994801
1995034
1995573
1995726
1995744
1996756
1996929
1997885
1997983
1998201
1998645
1999134
1999310
1999720
1999764
1999839
1999932
2000742
2001690
2002206
2002590
2003638
2003752
2003826
2005119
2005322
2005335
2006122
2006154
2006262
2007293
2008325
2008419
2008641
2008935
2009287
2009655
2009672
2010055
2010097
2011353
2011921
2012542
2012976
2013099
2013157
2013742
2013929
2014407
2015659
2015841
2015983
2016079
2018223
2019213
2019772
2019869
2020868
2020895
2021367
2021768
2021818
2022902
2023231
2023303
2024097
2024852
2025186
2025745
2025977
2026034
2027040
2027328
2027785
2028742
2029827
2030493
2031237
2032022
2032120
2032186
2033435
2033454
2033491
2033552
2033955
2033983
2034947
2034964
2034971
2035219
2035308
2035315
2035330
2035761
2037014
2037342
2039424
2040054
2040745
2040880
2040988
2041090
2041203
2041210
2041395
2041701
2041905
2043404
2043598
2043846
2044178
2045428
2045599
2045715
2045751
2046896
2047420
2047654
2048249
2050074
2050690
2050923
2052361
2052618
2052629
2052715
2053912
2054367
2054563
2054605
2054698
2054702
2055770
2055833
2056615
2056771
2057054
2057318
2058135
2058191
2058372
2058679
2058743
2060582
2061184
2062158
2062938
2064322
2064705
2065241
2068380
2068403
2068620
2069600
2070094
2070581
2070779
2071101
2071643
2072032
2072245
2072327
2072420
2072464
2072506
2072521
2073480
2073981
2074244
2074429
2076035
2076046
2076502
2077843
2077850
2078566
2079544
2079766
2080426
2080556
2080866
2080882
2081629
2081802
2082440
2082828
2083294
2083587
2083900
2086459
2086774
2086918
2087740
2089284
2089572
2091456
2091892
2092104
2092323
2095280
2096613
2097103
2098159
2098867
2099647
2100270
2100336
2100444
2100990
2101136
2101389
2102165
2102440
2102570
2102667
2102881
2104337
2104451
2104482
2104826
2105379
2105758
2106157
2106654
2106761
2107051
2107265
2107528
2107534
2108194
2108663
2109850
2109888
2110250
2110605
2110837
2111180
2111677
2112228
2112646
2112756
2112774
2113444
2114213
2116112
2116211
2116473
2116502
2117369
2117865
2118636
2119637
2119751
2119895
2119946
2120056
2120182
2120760
2120931
2121423
2121613
2122271
2123316
2124206
2124367
2124410
2124686
2124829
2124862
2124997
2125016
2125569
2125692
2126128
2126346
2127272
2128086
2128849
2129234
2129610
2129836
2130492
2130732
2130767
2131646
2131985
2132002
2132158
2132328
2132460
2134673
2134786
2134888
2135178
2136445
2136715
2137213
2137810
2138221
2138620
2138853
2138972
2140057
2140095
2140460
2142340
2142406
2143325
2143696
2144179
2144252
2144486
2144506
2144918
2145690
2146769
2147990
2149410
2151563
2151983
2152056
2152213
2152299
2152846
2152891
2154347
2154881
2155209
2155875
2157023
2157101
2158252
2158464
2159098
2159721
2160181
2160190
2162105
2162362
2162584
2163265
2163664
2163671
2164063
2164488
2164998
2165099
2165610
2166520
2167286
2167407
2167629
2168431
2168722
2169677
2170416
2170431
2171617
2171965
2172262
2172602
2173234
2173756
2173809
2174374
2174816
2175288
2175507
2175552
2175716
2175731
2175818
2176436
2177185
2177443
2179115
2179306
2180811
2181151
2181437
2181470
2182358
2184938
2185004
2185070
2185387
2185608
2185843
2186146
2186743
2187951
2188361
2189842
2190362
2190661
2192231
2192279
2192474
2192865
2194593
2194882
2194919
2195220
2195259
2195374
2195544
2196446
2196837
2197131
2197471
2198113
2198546
2198639
2198643
2198942
2199242
2199416
2199570
2200206
2200837
2201535
2202032
2202058
2202543
2203743
2203873
2203919
2204042
2204505
2205613
2206260
2206304
2206656
2206707
2208331
2208530
2208551
2209361
2209868
2210119
2210240
2210821
2210926
2211012
2211110
2212171
2212466
2213030
2213399
2213612
2213671
2214582
2214624
2214856
2215228
2215996
2216979
2217670
2217727
2218036
2218658
2219023
2219113
2219132
2220566
2221308
2222448
2223009
2223165
2223703
2225777
2225873
2226325
2226481
2226868
2227496
2227619
2227803
2228277
2229186
2229430
2229745
2229790
2231087
2231255
2231451
2231523
2231745
2233219
2233351
2233506
2233691
2234286
2234868
2235265
2235344
2235399
2235478
2235757
2237076
2238798
2238901
2240071
2240851
2240894
2241428
2241884
2241954
2242011
2242398
2242541
2242699
2244069
2244329
2244880
2245052
2245141
2245488
2246013
2246252
2246809
2247206
2247214
2247469
2247960
2248690
2249070
2249354
2249511
2250352
2250535
2250650
2250974
2252045
2252331
2252825
2253618
2254793
2254929
2255017
2255213
2255681
2255878
2256735
2258112
2259206
2259446
2259605
2260419
2260794
2260884
2261073
2261265
2261288
2261576
2261581
2262343
2262505
2262916
2262995
2263720
2264828
2265133
2265211
2265224
2265318
2266287
2267095
2268140
2268263
2268610
2268824
2268848
2269033
2269976
2270058
2270514
2271151
2271485
2271586
2271619
2271663
2271711
2272156
2272818
2272983
2273656
2274522
2274974
2275152
2275378
2275400
2275560
2275572
2276059
2277585
2277613
2278148
2278428
2278802
2280078
2280745
2281340
2281775
2282004
2282062
2282572
2282694
2282712
2283505
2283628
2284401
2284808
2284830
2284873
2285325
2286161
2286239
2286909
2287382
2287962
2289908
2290571
2290645
2290869
2291359
2293384
2294288
2294519
2294731
2294870
2296037
2296720
2297516
2297617
2297988
2298383
2299756
2299793
2300490
2300987
2301403
2302025
2302628
2303649
2304735
2304754
2305211
2305304
2305415
2306028
2306530
2306920
2307770
2307805
2308471
2308588
2308756
2308811
2309064
2310023
2311070
2314080
2315979
2316364
2316890
2316973
2317336
2317542
2317990
2318844
2319313
2319841
2320603
2322563
2322818
2324167
2324578
2325759
2325850
2326444
2327484
2327553
2327632
2328092
2328567
2329104
2329384
2329508
2329611
2329660
2329697
2329861
2330494
2330719
2330950
2330965
2331090
2331170
2331624
2331856
2331905
2332378
2332615
2333470
2333512
2333645
2334593
2336702
2337308
2338448
2339930
2339949
2340303
2340720
2340786
2340814
2342362
2342494
2342557
2342899
2343576
2343955
2344287
2344582
2344842
2344964
2345001
2345471
2345669
2345962
2346213
2346748
2346835
2347039
2347910
2348177
2348261
2349704
2349956
2350659
2351180
2351796
2351900
2352962
2352970
2355479
2356224
2356482
2357018
2357145
2357231
2357524
2357536
2358488
2358594
2358655
2358758
2359160
2359197
2360851
2360907
2360952
2361006
2361160
2361286
2362225
2362416
2362585
2362632
2362876
2363569
2363692
2363871
2363898
2364236
2364523
2365269
2365655
2366327
2367534
2367862
2369322
2369597
2369865
2369980
2370736
2371055
2371177
2372389
2372407
2373019
2373655
2373893
2374491
2374784
2375820
2376062
2376231
2376279
2376843
2376850
2377992
2378033
2378253
2378849
2379351
2379774
2379855
2380838
2382132
2383165
2383735
2384489
2386374
2387115
2387418
2387470
2388612
2388911
2389069
2389078
2390139
2390457
2390787
2391186
2392020
2392135
2392253
2393207
2396208
2396230
2396692
2396704
2397076
2397287
2397655
2398888
2399485
2399681
2400028
2400045
2401550
2401836
2402282
2402942
2403468
2404062
2404608
2404764
2404843
2405005
2405432
2406428
2406868
2407485
2408265
2408528
2408576
2408829
2409502
2410038
2410453
2411613
2411973
2413185
2413414
2414403
2414469
2414841
2415057
2416295
2416583
2417875
2419026
2419635
2419717
2421068
2421215
2421424
2421718
2421805
2421886
2421956
2422464
2423542
2423589
2423750
2424074
2424306
2424607
2424619
2424878
2424902
2425055
2425553
2426579
2426752
2426844
2426875
2427018
2427712
2427932
2428775
2429160
2429567
2430480
2430500
2430679
2430721
2432807
2432951
2433180
2433859
2434003
2435052
2435137
2435758
2436433
2436937
2437015
2438258
2438957
2438995
2440055
2440225
2440951
2442047
2442169
2442178
2442695
2442739
2443219
2443970
2445030
2445326
2445380
2446294
2446762
2446974
2448223
2448560
2448572
2448583
2448892
2449388
2449453
2450405
2450996
2451093
2451533
2453867
2453880
2454095
2454497
2454688
2454942
2457083
2457097
2457398
2457416
2457504
2457644
2457852
2458749
2459515
2460385
2461137
2461269
2461609
2461655
2462627
2462786
2462926
2463151
2463314
2464103
2464270
2464525
2466983
2467228
2467610
2468101
2468363
2468578
2468688
2468859
2469055
2469305
2469553
2469710
2469852
2470079
2470266
2470833
2471310
2471712
2471967
2472045
2472287
2472767
2473155
2474195
2474506
2474577
2475681
2478516
2479277
2479507
2479659
2480419
2481125
2481292
2481410
2481885
2481997
2482151
2483145
2483181
2484097
2484143
2484261
2484680
2484746
2484791
2485272
2485337
2485595
2485625
2485899
2486045
2486141
2486287
2487057
2487898
2487900
2488471
2489542
2489616
2490176
2490839
2492353
2492965
2493870
2496130
2497050
2497077
2497662
2497670
2498537
2499227
2499266
2499409
2499621
2500363
2500455
2500688
2500847
2501310
2501901
2502594
2502672
2502889
2502971
2504252
2504789
2504970
2505923
2506440
2508147
2508430
2508719
2509073
2509779
2510059
2510475
2510593
2511685
2512364
2513376
2515395
2515508
2515726
2516075
2516116
2516245
2516276
2516471
2516904
2517189
2517221
2517243
2518676
2519018
2519085
2519346
2519387
2519694
2520430
2520844
2521443
2521477
2522583
2523437
2523869
2524005
2525183
2525325
2526367
2528737
2529011
2529312
2529754
2529787
2529915
2530377
2530586
2530968
2531192
2531293
2531675
2532212
2532300
2532727
2533780
2533842
2534239
2534250
2534552
2535175
2535180
2535249
2536029
2536509
2536555
2536651
2536999
2537523
2538064
2538324
2538574
2539263
2539691
2540212
2540544
2540670
2541015
2541924
2542607
2542968
2543257
2543335
2543489
2543806
2544242
2544261
2544402
2544703
2544927
2545054
2545867
2547591
2547864
2548565
2548774
2549309
2549556
2549593
2551602
2552943
2553478
2554379
2554582
2555123
2555366
2556505
2556869
2557325
2557434
2557558
2558658
2558769
2560030
2561101
2561483
2561650
2561864
2562075
2562382
2563372
2563684
2563815
2563976
2564000
2564166
2565359
2565675
2566584
2567190
2567369
2568414
2569463
2570726
2570959
2571123
2571872
2572436
2572546
2572578
2573293
2573371
2573416
2573504
2573890
2574163
2575561
2576434
2576513
2576637
2576715
2576857
2577151
2577299
2577453
2577652
2577979
2579260
2579304
2580165
2580333
2580863
2581396
2581427
2581617
2581734
2581943
2582005
2582059
2582432
2582907
2583315
2583700
2584567
2584910
2585117
2585487
2587185
2587573
2587726
2588004
2588070
2590761
2591267
2591586
2591835
2592491
2592507
2592795
2593091
2593341
2593689
2593776
2594334
2594472
2594864
2594993
2595176
2595378
2596064
2596444
2596827
2597217
2597541
2597644
2598857
2599052
2599421
2600255
2600763
2601045
2602673
2603505
2604020
2607486
2608864
2609011
2609504
2610044
2610514
2610883
2611547
2612027
2612094
2612375
2612380
2612784
2614079
2614390
2614455
2614554
2616640
2617819
2618356
2618922
2619549
2619701
2619744
2620345
2620448
2621085
2621181
2621216
2621712
2621932
2621944
2622269
2622302
2622732
2622986
2624080
2624514
2624610
2625061
2625736
2626529
2626722
2627383
2627475
2627695
2627928
2628010
2628502
2631243
2631507
2631779
2631896
2632108
2632520
2632797
2633850
2633865
2634036
2634562
2634601
2635078
2636609
2636713
2636959
2637068
2637352
2637737
2638131
2638646
2638789
2639525
2639679
2639928
2640232
2640470
2640619
2641320
2642374
2642501
2642544
2643331
2643406
2643744
2643998
2644189
2644563
2644620
2644723
2644818
2645294
2645411
2646303
2646932
2647370
2648169
2648324
2649044
2649394
2650081
2650551
2650672
2651102
2651116
2651543
2652741
2653036
2653143
2653320
2653881
2654548
2654771
2654786
2654843
2655458
2655538
2655561
2655657
2655894
2655919
2656172
2656259
2656434
2656637
2656794
2657559
2657690
2657984
2658581
2659693
2659880
2660386
2661087
2661105
2661112
2661638
2661693
2661728
2661745
2661875
2662401
2662827
2662934
2663351
2663717
2666057
2666376
2666938
2667379
2667477
2667530
2667549
2668062
2668322
2668474
2668913
2669299
2669810
2670284
2670651
2671098
2671270
2672003
2672236
2672304
2672568
2672867
2673358
2673422
2673446
2674780
2674800
2674912
2675026
2675234
2675550
2676533
2677264
2677356
2677544
2677708
2678055
2678188
2678256
2678596
2678973
2679859
2679864
2680716
2680955
2681460
2681704
2682373
2682603
2682717
2683012
2683743
2684017
2684512
2684619
2685541
2686003
2687850
2688034
2688141
2688842
2689766
2691338
2691526
2691954
2692242
2692371
2692930
2693614
2693886
2695549
2695582
2696725
2696774
2697030
2697410
2698571
2700000
2700652
2701908
2702879
2702987
2703357
2703450
2704552
2704563
2704960
2705376
2706004
2706268
2706666
2706720
2707579
2707661
2708110
2708241
2708432
2708561
2708739
2709290
2712425
2713267
2713314
2713533
2714830
2715006
2715794
2716049
2716094
2717687
2717725
2717883
2719011
2719398
2719791
2720934
2722083
2722242
2722431
2722541
2722735
2722863
2723390
2723621
2723650
2723665
2724003
2724087
2724198
2724914
2725443
2725825
2726263
2726315
2726471
2726588
2727936
2728343
2728835
2729029
2729119
2730208
2730319
2730390
2731335
2732573
2732624
2733092
2733857
2733954
2734985
2735418
2735520
2736416
2737426
2738105
2738329
2739049
2739277
2740076
2740758
2741405
2741937
2742230
2742424
2744181
2744555
2744560
2745270
2745714
2746452
2746532
2746751
2747533
2747891
2747957
2748332
2748344
2748528
2748590
2749466
2749523
2749600
2750541
2750722
2752146
2752413
2752928
2752976
2753646
2754895
2755332
2755344
2756132
2756847
2756871
2756917
2757340
2757683
2757838
2757889
2758257
2758279
2758438
2758747
2758932
2760032
2760610
2760811
2760872
2761377
2761760
2761931
2762008
2762757
2763370
2763408
2764390
2764535
2764643
2764812
2765284
2765456
2765814
2766064
2766169
2767217
2768342
2768629
2769998
2770065
2770857
2770868
2771051
2771100
2772038
2772115
2772663
2772803
2772878
2772902
2773018
2773335
2774828
2775120
2775880
2776210
2776379
2776655
2776713
2776920
2777057
2777510
2777677
2777925
2778330
2778592
2778635
2778738
2778793
2780096
2781561
2781593
2783702
2784129
2784137
2784153
2784443
2784767
2784912
2785506
2785860
2786000
2787580
2788333
2788347
2788562
2788680
2789554
2789820
2790590
2791328
2791704
2791833
2791993
2792195
2793684
2794418
2794520
2795787
2796385
2796844
2797128
2797387
2797806
2797944
2798636
2798817
2799463
2800378
2800438
2800843
2801059
2801657
2802950
2803082
2803686
2804185
2804492
2804933
2805941
2806151
2807197
2808457
2808675
2809606
2811142
2811581
2811605
2811896
2812835
2813555
2813651
2813877
2814398
2814710
2814807
2814819
2815728
2816081
2816443
2816508
2816905
2817294
2817497
2817510
2817961
2818327
2818521
2818761
2819098
2819110
2819413
2819426
2819990
2821120
2821318
2821943
2821988
2822086
2822191
2822241
2822623
2823577
2823793
2824039
2824247
2824978
2825723
2826251
2826643
2826898
2827291
2827971
2828240
2828303
2828524
2829017
2829093
2829485
2830195
2830327
2831418
2831520
2831887
2831931
2832008
2833248
2833283
2833813
2834095
2836033
2836218
2836542
2836788
2837072
2837225
2837416
2837908
2838338
2838389
2841079
2841249
2841718
2841741
2841820
2842471
2842970
2843064
2843237
2843467
2843500
2843714
2845585
2845754
2846745
2847821
2848947
2849935
2850154
2850907
2851183
2852658
2853023
2853448
2853805
2853820
2853961
2854003
2854494
2855379
2855465
2855648
2855838
2855842
2856116
2856123
2856543
2857454
2858074
2859004
2859018
2859771
2859843
2860167
2860510
2860859
2861456
2862222
2862582
2863544
2863708
2863782
2864276
2864550
2864687
2864883
2865173
2865634
2865711
2865984
2866834
2867064
2867296
2867360
2867458
2867475
2867743
2867882
2868595
2868600
2869326
2869948
2872085
2872119
2872335
2872733
2872901
2873267
2873404
2873681
2874071
2874336
2874750
2875160
2875954
2876073
2877219
2877228
2877848
2877929
2878328
2878796
2878917
2878942
2879881
2880226
2880462
2880878
2881217
2881431
2881722
2882006
2882903
2882954
2883357
2883406
2883838
2884066
2884552
2886682
2888241
2888739
2889464
2889860
2889962
2890530
2890799
2891382
2891646
2892126
2892390
2892497
2892587
2892886
2893143
2893632
2894181
2894240
2894400
2894798
2894877
2894932
2895348
2895355
2895963
2896197
2896452
2896653
2897306
2897878
2897891
2897923
2898853
2899353
2900121
2900143
2900293
2901415
2901977
2902296
2903157
2903738
2903897
2904773
2904857
2905519
2906199
2906334
2907744
2909505
2909690
2910063
2910515
2910551
2911252
2911622
2911809
2911848
2912113
2912363
2913242
2913261
2913735
2913834
2914720
2914747
2914892
2915146
2916662
2916766
2917074
2917418
2917968
2918671
2918885
2919112
2919600
2919801
2920310
2920666
2921241
2921593
2921657
2922035
2922449
2923015
2923487
2923563
2923633
2923647
2923911
2924323
2924594
2924964
2925315
2925405
2925459
2926061
2926404
2927393
2928667
2929031
2929376
2930590
2931282
2931692
2931785
2932514
2932855
2933426
2933556
2934025
2934151
2934339
2934724
2934869
2935097
2935484
2935982
2936337
2936473
2936568
2936579
2936707
2937295
2937958
2938986
2939148
2939183
2939205
2940654
2941377
2941652
2942138
2942435
2942647
2943046
2943133
2943224
2944126
2944175
2944411
2944956
2945202
2949090
2949368
2949959
2950370
2950502
2950693
2950826
2952489
2952651
2952771
2953520
2953564
2953709
2954218
2955148
2955629
2955782
2956702
2957327
2957498
2957811
2957883
2957897
2960404
2960607
2960822
2962197
2962884
2963443
2964161
2964367
2964545
2964552
2964896
2965993
2966369
2967112
2967164
2967600
2967867
2968631
2968765
2969459
2969883
2970204
2970792
2970894
2971356
2971389
2971567
2971604
2971857
2971895
2974046
2974304
2974408
2975104
2976032
2976793
2977265
2977936
2977983
2978505
2978547
2979843
2980079
2980917
2982549
2983039
2983935
2984405
2985275
2986423
2986562
2987020
2987458
2987827
2988427
2988600
2988844
2989082
2991100
2993134
2993806
2994440
2995022
2995171
2995473
2995642
2995745
2995992
2996118
2996488
2996838
2996861
2997503
2997614
2997785
2999830
2999963
3000406
3000450
3000492
3000893
3001102
3001157
3001252
3002199
3002677
3004107
3004771
3004913
3005383
3005542
3005721
3005743
3006816
3008837
3009224
3009494
3009977
3010437
3010931
3011177
3011562
3011778
3011807
3013660
3014015
3014174
3014671
3014983
3016029
3016268
3016747
3016759
3016798
3017449
3017921
3018005
3018241
3018355
3018849
3019184
3019836
3021472
3021812
3023593
3024968
3025364
3025541
3025613
3026801
3026832
3027346
3027387
3027417
3027489
3027843
3028129
3029259
3029389
3029840
3030743
3030851
3031987
3033448
3033621
3033993
3034272
3034790
3036102
3037375
3037454
3038321
3038377
3038547
3039181
3039190
3039279
3039354
3039821
3040386
3040927
3041260
3041880
3042574
3043075
3043116
3044338
3044342
3044641
3045647
3046266
3046643
3046704
3046859
3047034
3047775
3048018
3048176
3048524
3048901
3049061
3049149
3049547
3050067
3050486
3050872
3050904
3051878
3052051
3052250
3052380
3052581
3052784
3053595
3053921
3053939
3055608
3056475
3056500
3056981
3057553
3057949
3058727
3059170
3059767
3060408
3061912
3062821
3062892
3062944
3063061
3063441
3065039
3065317
3065389
3065987
3067075
3067080
3067565
3067872
3068057
3068363
3068614
3069009
3071387
3072019
3072153
3072395
3072636
3072856
3075968
3076139
3076289
3076402
3076632
3077122
3077525
3077695
3077928
3079519
3079552
3081142
3081332
3081519
3081757
3082267
3082314
3082343
3083004
3083128
3083369
3083555
3084139
3084261
3084398
3085186
3085584
3086081
3086515
3086775
3087448
3089064
3089561
3089593
3090354
3090682
3090705
3091047
3091866
3092069
3092790
3093491
3093612
3093620
3094052
3094780
3095412
3095464
3097220
3097452
3097662
3097991
3098553
3098699
3098703
3098876
3099363
3099503
3100039
3100043
3100109
3100428
3101326
3102350
3102619
3103134
3103310
3103597
3104416
3104644
3105781
3105906
3106384
3106732
3107180
3107249
3107363
3108168
3108184
3108281
3108610
3109413
3109750
3109919
3110101
3110448
3110925
3111975
3112611
3112767
3112998
3113946
3114131
3115056
3115127
3115547
3116192
3116570
3116769
3116807
3117952
3118054
3118112
3118120
3118362
3118656
3118826
3119288
3119292
3119410
3119997
3120622
3120687
3120691
3121149
3121166
3121258
3121267
3121676
3121968
3122125
3122659
3124307
3124614
3124770
3124871
3125303
3125649
3125850
3125967
3127949
3129246
3129331
3129508
3130091
3131210
3131302
3131492
3131624
3131800
3132400
3133496
3134866
3135567
3136250
3137433
3137848
3137872
3137883
3138319
3138409
3138472
3139143
3139188
3139238
3139828
3140152
3140176
3140572
3140843
3141480
3142171
3142763
3142875
3143698
3143757
3146496
3146559
3146803
3146846
3146891
3147088
3147840
3148165
3148320
3148347
3148819
3149002
3149334
3149917
3150156
3150804
3151546
3152464
3152824
3152872
3153204
3153241
3153401
3153480
3153851
3154267
3154485
3154571
3155398
3155479
3155553
3155746
3155951
3156451
3156745
3156906
3157425
3157489
3158034
3158170
3158530
3158701
3159419
3159618
3159773
3160033
3160383
3160444
3160602
3160657
3161205
3161338
3161476
3162703
3162890
3162994
3163569
3163718
3164790
3165874
3166080
3166459
3166565
3167117
3168388
3168923
3168984
3169037
3169821
3169926
3170598
3170645
3171011
3171371
3171398
3171468
3171537
3172124
3172172
3175273
3175522
3176037
3176615
3177087
3177260
3177329
3178253
3179263
3179985
3180527
3180971
3181610
3181941
3182737
3183626
3183644
3184029
3184511
3184705
3184967
3185020
3185426
3185808
3187690
3187709
3188911
3188948
3189341
3190289
3190386
3191466
3191584
3192480
3192623
3193405
3193412
3193622
3193700
3194356
3194374
3194463
3195326
3195519
3195909
3197648
3198438
3198597
3199462
3199496
3199736
3200319
3200409
3200704
3201560
3201673
3201975
3203374
3204498
3205042
3206036
3206468
3207360
3207808
3207963
3208069
3208087
3208466
3209193
3210253
3210851
3210919
3211124
3212009
3213144
3213215
3213578
3214120
3214540
3214719
3215655
3215947
3216308
3216929
3217138
3217326
3217779
3217841
3218505
3218559
3218803
3218995
3219053
3220186
3220329
3220337
3220752
3220880
3220988
3221291
3221861
3222630
3222720
3223280
3224372
3224413
3224679
3225558
3226545
3226731
3227026
3227308
3227996
3228650
3229024
3229699
3232782
3234702
3234818
3235227
3235424
3236085
3236190
3236806
3236975
3237105
3237171
3238098
3238262
3238475
3238721
3239373
3239514
3239565
3239809
3240445
3241491
3241870
3241896
3242151
3243096
3243223
3243649
3244097
3245318
3245449
3246488
3246515
3247942
3248498
3248848
3249071
3249777
3249945
3250128
3250223
3250425
3251830
3251919
3252297
3252337
3253156
3253288
3254660
3254775
3255290
3256496
3257286
3257434
3257969
3258200
3258293
3258626
3259606
3260138
3260326
3260422
3261031
3262351
3262514
3263064
3263146
3263178
3263873
3264000
3264365
3264520
3264690
3264878
3264968
3265333
3265626
3265778
3266297
3266494
3267425
3267461
3268767
3269325
3269935
3270515
3270566
3270582
3271700
3272587
3272871
3273398
3273537
3273876
3274821
3274958
3275229
3275574
3275616
3276088
3276575
3278911
3279451
3279689
3279880
3280440
3281362
3281661
3281752
3282169
3282657
3282990
3283184
3284300
3284532
3284903
3285008
3285030
3285552
3287254
3288391
3289343
3289365
3289645
3289931
3290603
3290793
3290860
3291038
3291093
3291275
3292082
3292702
3293502
3293531
3293638
3294132
3294472
3294864
3295346
3296237
3296765
3297177
3298991
3300664
3300740
3300853
3301805
3302646
3302883
3303873
3304267
3304869
3304995
3305011
3305072
3305746
3306689
3306921
3307231
3308477
3308515
3309050
3309233
3309575
3309629
3309662
3310417
3310461
3311146
3311593
3312224
3312466
3312595
3312914
3313853
3314278
3315263
3315281
3315610
3315793
3316127
3316462
3316496
3316891
3316968
3317935
3318570
3318845
3319227
3319729
3319741
3319864
3320196
3321102
3321351
3323274
3323601
3325640
3325873
3326092
3326766
3326935
3327017
3327314
3327429
3327772
3327923
3328478
3328563
3329540
3330072
3330703
3331674
3332934
3333610
3335049
3335367
3336215
3336569
3336591
3338888
3338958
3339520
3340815
3342479
3342504
3342703
3342994
3343249
3344010
3344171
3344858
3344992
3345028
3345406
3345636
3345842
3346308
3346433
3346725
3348314
3348512
3348564
3348663
3349062
3349456
3350144
3350587
3350639
3350833
3351053
3351850
3352137
3352780
3353111
3353264
3354044
3354373
3356200
3356680
3356949
3357218
3357296
3357873
3358693
3359117
3359768
3360715
3361138
3361292
3361870
3362232
3362437
3363493
3364225
3364596
3364828
3366210
3367847
3368168
3368588
3369033
3369071
3369324
3369413
3369695
3369976
3370506
3371437
3371441
3371709
3372779
3373078
3373248
3373362
3373674
3373776
3374677
3374859
3375555
3375682
3376146
3379222
3379323
3379566
3379767
3380656
3381222
3381357
3382303
3382651
3383496
3383634
3384413
3384475
3384851
3384981
3386049
3386731
3387263
3387405
3387811
3388273
3388424
3388455
3388688
3389787
3390299
3390547
3390564
3391440
3391479
3391973
3392006
3392233
3392325
3392604
3393063
3393414
3393744
3394051
3395199
3395227
3396536
3397502
3398122
3398253
3398372
3398432
3398657
3398706
3399622
3400147
3400516
3401028
3402877
3402901
3403151
3403226
3403690
3403711
3404262
3404589
3405361
3405393
3407013
3407044
3407789
3407941
3408251
3408282
3409177
3410420
3410860
3410918
3410937
3412189
3412332
3413133
3413661
3413844
3415387
3415442
3416336
3416383
3417274
3418160
3418247
3418641
3418730
3419889
3419905
3420460
3420510
3420688
3421152
3422019
3422291
3422527
3422874
3423088
3423445
3424184
3424521
3425736
3425822
3427348
3428385
3429435
3429671
3429731
3429779
3429896
3429909
3429924
3430286
3430708
3430782
3430823
3431545
3431716
3432130
3432512
3432652
3433346
3433560
3434139
3434150
3434217
3434778
3434927
3434994
3435186
3435939
3435950
3436090
3437113
3437273
3437606
3437796
3437942
3438140
3438700
3439154
3439229
3439952
3440314
3440724
3441139
3443450
3443713
3444161
3444911
3445101
3445483
3446163
3446651
3446814
3447950
3448372
3448383
3449848
3450395
3450672
3451327
3451539
3452503
3452871
3453060
3453722
3454128
3454216
3454764
3454839
3454850
3455135
3455631
3455866
3456136
3457000
3457108
3458552
3458885
3459022
3459494
3459707
3459844
3459943
3460114
3460143
3460791
3461003
3461385
3461430
3461451
3461642
3461867
3461950
3462005
3462907
3463330
3463669
3463824
3463918
3465519
3466057
3466665
3467800
3467856
3468190
3468694
3469314
3471012
3471706
3471792
3472147
3472638
3472752
3473082
3473446
3473534
3474269
3474450
3474594
3475459
3476089
3476130
3476441
3477247
3477715
3477840
3478644
3479079
3479167
3480066
3480094
3480983
3481650
3481871
3482067
3483976
3484772
3485097
3485188
3485710
3485876
3487673
3487843
3489092
3489575
3489831
3490777
3490866
3491419
3491575
3491773
3491802
3492440
3493900
3493961
3494304
3494540
3494992
3495287
3495697
3495744
3495780
3495947
3496013
3496603
3496929
3497410
3497612
3497731
3497829
3498149
3498280
3499387
3499615
3499712
3500145
3500524
3500843
3501204
3501525
3501695
3502078
3502112
3504019
3504443
3504508
3504856
3505067
3505550
3505742
3505811
3505836
3506038
3506267
3507325
3507641
3508188
3508312
3509578
3509591
3509805
3509974
3510356
3511250
3512025
3512149
3512151
3512365
3512984
3513216
3513322
3513786
3513967
3514504
3515164
3515427
3515523
3516316
3516551
3516732
3516959
3517132
3517621
3517820
3518382
3518592
3518774
3520305
3521642
3521674
3521867
3522296
3522538
3523836
3523904
3524526
3524670
3525117
3525552
3525924
3526031
3527028
3527063
3527648
3528223
3528240
3528493
3528821
3530635
3531835
3532955
3532983
3533914
3533950
3534132
3534158
3534266
3534424
3534805
3535489
3535705
3535839
3535967
3536706
3536765
3537312
3537504
3538946
3539515
3539582
3540277
3540972
3541180
3541737
3542382
3542420
3542486
3543500
3543657
3543679
3543684
3544559
3545055
3545570
3545613
3546832
3546939
3548137
3548551
3548838
3549039
3549160
3550458
3551445
3552097
3552274
3552518
3552908
3552982
3553436
3554408
3554451
3554523
3555210
3555582
3555775
3557469
3557702
3557784
3558056
3558512
3558547
3559303
3559391
3560084
3561295
3561666
3562141
3562316
3562323
3562331
3562732
3562959
3563124
3563325
3563749
3564897
3564941
3566359
3567324
3567475
3567706
3567894
3568408
3568875
3569422
3569909
3571683
3572163
3572391
3572877
3573194
3573437
3573470
3573755
3573854
3573931
3573968
3574383
3574668
3574830
3574963
3575481
3575544
3575868
3576051
3576367
3577157
3577195
3577883
3577897
3578307
3578455
3579819
3580108
3580547
3581048
3581754
3581930
3582969
3583672
3584478
3584779
3585002
3586119
3587502
3587674
3587875
3589349
3589373
3590034
3590287
3590817
3590856
3591067
3592175
3592448
3593626
3594284
3594511
3595071
3595561
3595788
3595873
3596039
3596670
3596685
3596922
3597846
3597891
3598804
3598870
3599224
3599540
3599826
3599906
3600632
3600791
3600819
3601069
3603168
3603498
3603738
3604526
3604751
3604857
3605671
3605997
3606084
3606251
3607379
3607842
3607912
3608018
3608346
3609061
3610477
3610986
3611179
3611669
3612886
3613416
3614279
3614295
3614694
3614980
3615355
3615360
3616155
3616580
3617173
3617429
3617797
3618563
3618576
3618605
3618784
3618911
3619353
3620303
3620694
3621815
3622078
3623552
3624185
3624406
3624609
3624713
3624893
3624920
3625140
3625184
3625592
3625872
3626619
3626755
3627124
3627987
3628632
3628680
3629334
3629898
3630030
3631023
3631424
3632219
3632669
3632860
3633086
3633154
3633721
3634173
3635312
3635746
3635828
3636494
3637759
3638527
3638701
3639014
3639124
3639317
3639513
3639532
3639558
3640228
3641061
3641201
3641652
3642491
3642605
3642723
3642911
3643283
3643523
3643595
3643707
3643965
3644390
3644409
3645145
3645673
3646475
3646919
3647055
3647537
3647675
3648393
3649170
3649203
3649594
3650451
3650466
3650473
3650494
3650752
3651118
3651254
3652053
3652322
3653462
3653984
3654229
3654668
3655183
3655419
3655580
3655599
3655618
3655715
3655857
3656829
3657102
3657281
3659114
3660628
3660891
3662148
3662264
3662766
3663780
3663998
3664206
3664367
3664885
3665578
3665796
3665925
3666268
3666438
3666461
3666489
3667318
3667776
3667813
3667880
3668360
3668517
3668934
3669610
3669809
3669848
3670059
3670413
3671212
3671751
3673334
3673554
3673621
3673956
3673993
3674337
3674719
3674943
3675203
3675998
3677189
3677206
3677487
3677784
3678321
3679821
3681134
3681511
3681967
3682856
3683259
3683751
3685130
3685772
3686238
3686951
3688617
3688943
3690205
3690271
3690879
3691581
3691612
3692258
3692923
3693163
3693627
3693821
3694106
3694225
3694908
3696081
3696780
3697251
3697266
3697898
3698471
3698717
3702332
3702698
3703950
3704334
3705295
3706285
3706348
3707754
3707778
3708021
3708816
3709655
3710048
3710139
3710333
3710585
3711046
3711304
3711844
3712538
3713433
3713588
3713918
3714220
3714300
3714393
3715671
3716057
3716424
3716925
3717052
3717269
3717302
3717648
3718489
3718608
3718814
3719299
3719916
3719979
3720006
3720111
3721576
3721955
3722429
3722598
3723216
3723705
3724192
3724386
3724570
3724966
3726817
3727167
3727294
3727859
3727900
3727938
3728131
3728883
3729169
3729241
3729467
3729631
3729907
3730926
3731229
3731952
3732451
3732781
3733015
3733620
3734104
3734210
3734527
3734594
3734971
3735351
3735635
3736628
3737014
3737766
3738024
3738371
3738703
3738778
3739650
3740198
3740813
3741488
3741964
3742461
3742786
3742958
3743194
3743314
3743564
3744500
3745356
3745558
3746507
3747459
3747918
3748282
3748411
3748497
3748704
3748956
3749537
3750533
3750598
3751416
3751675
3751908
3752111
3753838
3754221
3754731
3755180
3755917
3756037
3756107
3756202
3756354
3756944
3757046
3757159
3757875
3758020
3758413
3759044
3759290
3760090
3760137
3761550
3761588
3761941
3762455
3762587
3763024
3763293
3763364
3764798
3765086
3765178
3765866
3766264
3767074
3767462
3767822
3770301
3770380
3772281
3772394
3772809
3773355
3773919
3773976
3774244
3774306
3775504
3775754
3776408
3776880
3777425
3778443
3778551
3779043
3779935
3781247
3781558
3781802
3782632
3783974
3784341
3785063
3785210
3785508
3786382
3786464
3786824
3787277
3788377
3788559
3788607
3788797
3790167
3794349
3794669
3795676
3795783
3796097
3796312
3796479
3796495
3796541
3798112
3798451
3798642
3798939
3799189
3799955
3800475
3800500
3801361
3801662
3801840
3803938
3804198
3805594
3806405
3806678
3806700
3807174
3807896
3807948
3808339
3809257
3809615
3809649
3810590
3811180
3811677
3812032
3812603
3813401
3813432
3813743
3813788
3814074
3814854
3814887
3814995
3815949
3816341
3817268
3817865
3818034
3818129
3818549
3820017
3821217
3821562
3823076
3823081
3823129
3824138
3824277
3824469
3825167
3825503
3825535
3826231
3827494
3828631
3829131
3830081
3831420
3832132
3833143
3833553
3834029
3834085
3835218
3835270
3836389
3837173
3837299
3837512
3837887
3838082
3838221
3840460
3840497
3840871
3841850
3842129
3842672
3842758
3843205
3844315
3844622
3845130
3845533
3845854
3846845
3847012
3847237
3847657
3848540
3848689
3848867
3849015
3849896
3851015
3851380
3851534
3851647
3851740
3852201
3852453
3853786
3854927
3855430
3855557
3855617
3855707
3856515
3856549
3856566
3857180
3857215
3857363
3857522
3857677
3858228
3858382
3859005
3859241
3859444
3859499
3859623
3860932
3861432
3861574
3861739
3861808
3861928
3862010
3862625
3862661
3862921
3863664
3865290
3865420
3865789
3865897
3866760
3867124
3867361
3867816
3868177
3868570
3868863
3869031
3869411
3869510
3869535
3870274
3870746
3871482
3872739
3874050
3874220
3874727
3874991
3875082
3875243
3875664
3876227
3876319
3877028
3877170
3877655
3878509
3878536
3879130
3879306
3879533
3880464
3880498
3880691
3882367
3882716
3883516
3885489
3885536
3885649
3885975
3886976
3887863
3887915
3887951
3889034
3889959
3891235
3891368
3891611
3892649
3892682
3892720
3892733
3892786
3893201
3893321
3893429
3893822
3893891
3894589
3895006
3895039
3895604
3895662
3897761
3897996
3898569
3899055
3899529
3899553
3900783
3901834
3902361
3903278
3903767
3903780
3904027
3904519
3904605
3905510
3905859
3906134
3906231
3906764
3907078
3907693
3908086
3908589
3908706
3908830
3909276
3910087
3910297
3910341
3910867
3911316
3911648
3912070
3912456
3912720
3912843
3913586
3913916
3915124
3915526
3916647
3916671
3916740
3916936
3917678
3917725
3918770
3920360
3920475
3920542
3920815
3920827
3922177
3922371
3922828
3923328
3923741
3924625
3924899
3925137
3925825
3925959
3927049
3927841
3928984
3929202
3929268
3930554
3931649
3932269
3932549
3932775
3932933
3933903
3934032
3934195
3934514
3934985
3935258
3935267
3935520
3935571
3936787
3937253
3937640
3938858
3939206
3939313
3939545
3939983
3940527
3940861
3941761
3942079
3942961
3943364
3943596
3943890
3945005
3945866
3946575
3946653
3946910
3947025
3947512
3947681
3947887
3950048
3950055
3950416
3950675
3950754
3950807
3951186
3951353
3951921
3953157
3953622
3953872
3954715
3954749
3955491
3956068
3956606
3956974
3958493
3958759
3958821
3959547
3959709
3959968
3960405
3960738
3961429
3961453
3961760
3962138
3963105
3963211
3963752
3964753
3964886
3965310
3967293
3967402
3968039
3968599
3968895
3969287
3969515
3970233
3971161
3972505
3972586
3973029
3973649
3973651
3973814
3974097
3975087
3975880
3976316
3976672
3977718
3977737
3978565
3978793
3979047
3979241
3979990
3980119
3980438
3981169
3981237
3981765
3981788
3981952
3982584
3982790
3983478
3983659
3985514
3985811
3986350
3986470
3986979
3987300
3987374
3988225
3988261
3988863
3988973
3989068
3989535
3989546
3990221
3990358
3990997
3991126
3991639
3991961
3992123
3992373
3992498
3993270
3994025
3994173
3994772
3995371
3995416
3995613
3995658
3995754
3996617
3996674
3997615
3997705
3997720
3998357
3999342
3999452
3999476
3999802
3999969
4000516
4000950
4002926
4003017
4003835
4004792
4005065
4005419
4005513
4005766
4005884
4005935
4006100
4006193
4006243
4006605
4007234
4007464
4007565
4008057
4008639
4008704
4009754
4009908
4010044
4010290
4012051
4012073
4013584
4013638
4013707
4013943
4014273
4014805
4015041
4015877
4016064
4016413
4016963
4017143
4017778
4018670
4018715
4020587
4020643
4020753
4021720
4021786
4021888
4022235
4022443
4022856
4023910
4024872
4024953
4025017
4025089
4025173
4025321
4026973
4028171
4029193
4029422
4030428
4030526
4030575
4032166
4033354
4035112
4035297
4035540
4036254
4036912
4037068
4037483
4037886
4038514
4039178
4039830
4039945
4041320
4041541
4041585
4042978
4043153
4044403
4046018
4046128
4046202
4046456
4046682
4046747
4046980
4047992
4048383
4049654
4050028
4050269
4050648
4050775
4051308
4052497
4052956
4053529
4053787
4054548
4054850
4055071
4055110
4055270
4055285
4055525
4055952
4056124
4056374
4056476
4056599
4056637
4057377
4057772
4057902
4058125
4058491
4058581
4058740
4058911
4059078
4059236
4059329
4061105
4061272
4061579
4061661
4062191
4062285
4062616
4062976
4063001
4063140
4063179
4063373
4063459
4064220
4064567
4064604
4065051
4065100
4065757
4066424
4067395
4067488
4067527
4067594
4068378
4068673
4069321
4069676
4069760
4070029
4070062
4070190
4070548
4071122
4071684
4072502
4073094
4073671
4075263
4075327
4075521
4075742
4076984
4077727
4078537
4078699
4078703
4078973
4080380
4080422
4080478
4081282
4081650
4081833
4083086
4083928
4085746
4086120
4086209
4086776
4087630
4088905
4089264
4089685
4089935
4090467
4091124
4091840
4091978
4093307
4093886
4094427
4094595
4094693
4094801
4095421
4095697
4096603
4096635
4096717
4097332
4097686
4098512
4098916
4099627
4099705
4099975
4100723
4100853
4101215
4101328
4101643
4101938
4101989
4102131
4102962
4103574
4103765
4103934
4105143
4105256
4106010
4106584
4107216
4107764
4108162
4108406
4108582
4109065
4109155
4109831
4110216
4110257
4110303
4110493
4110980
4111309
4111792
4111815
4111830
4112297
4112304
4112661
4112790
4113156
4113909
4113948
4114384
4115179
4115315
4116061
4117233
4117445
4118192
4118949
4119079
4119805
4120697
4120758
4120780
4121700
4122381
4124134
4125815
4126575
4126599
4126802
4127803
4127923
4128082
4128469
4128731
4129408
4130011
4131516
4131921
4132178
4132241
4133228
4133290
4133687
4133848
4133996
4134393
4135605
4135829
4135841
4136095
4136273
4136472
4136614
4136688
4137141
4137357
4138062
4138223
4138509
4138901
4139634
4139690
4139923
4140480
4141092
4142626
4142791
4143113
4143900
4143917
4145611
4145672
4145697
4146195
4146860
4146970
4148149
4148619
4149489
4150938
4150942
4151303
4153389
4153476
4153910
4154102
4154543
4154646
4154738
4154756
4154809
4154897
4155736
4155916
4156217
4156479
4157444
4157525
4159094
4160264
4160298
4160490
4161301
4162441
4162496
4162923
4163279
4163303
4163615
4164722
4165010
4165046
4165656
4165921
4166081
4166395
4166439
4166817
4168067
4168184
4168550
4169154
4169355
4171628
4171711
4171931
4172818
4172896
4173304
4173899
4175107
4175322
4175536
4175967
4176154
4176401
4176499
4177106
4177440
4178342
4178766
4178802
4179104
4179465
4179912
4180502
4181340
4181964
4182461
4182932
4182975
4183232
4184191
4184808
4185452
4185935
4186344
4186818
4186885
4187228
4187405
4187543
4188031
4188390
4188424
4188522
4188591
4188859
4189177
4189200
4190201
4190940
4192197
4192271
4192708
4192773
4193287
4193414
4193838
4193933
4195319
4195665
4196096
4196387
4197069
4197693
4197988
4198005
4198047
4198110
4199486
4199678
4199855
4201033
4202977
4203100
4203487
4203948
4204090
4204697
4204889
4204964
4205327
4206201
4207922
4208930
4209175
4209215
4209334
4209871
4210868
4210879
4210910
4212226
4212916
4213310
4213438
4213720
4214143
4214261
4214289
4214930
4215010
4215557
4215880
4216636
4217621
4217864
4218067
4218588
4218756
4219146
4219631
4220613
4220828
4220915
4221133
4221867
4222103
4222401
4223809
4224419
4224575
4224954
4227573
4227912
4228163
4228354
4229314
4230506
4230577
4230848
4231232
4231748
4231755
4231916
4232125
4232581
4232612
4233211
4233557
4234002
4234266
4234460
4235378
4236574
4238264
4238338
4238599
4238749
4238987
4239045
4239137
4239141
4239384
4239443
4241144
4241503
4242717
4242860
4243458
4243480
4243542
4243684
4243695
4243815
4244559
4244709
4245072
4245293
4245930
4246867
4247268
4249580
4250187
4250777
4250792
4251050
4251653
4251946
4252371
4252828
4253455
4253606
4254466
4254579
4255090
4256394
4258213
4258437
4258663
4258711
4259536
4259615
4259839
4260084
4260692
4261666
4261888
4263374
4263445
4263751
4263794
4263802
4263922
4264565
4265835
4265854
4266495
4266613
4266746
4266890
4267229
4267348
4267981
4269960
4269972
4270171
4270304
4272018
4273339
4273343
4273462
4273470
4273520
4274191
4274270
4274311
4274851
4275604
4276049
4276491
4276552
4276795
4277897
4277996
4278040
4278144
4278460
4278796
4279238
4279398
4281139
4281852
4282039
4282445
4282526
4282816
4282903
4283052
4283971
4284664
4284862
4285101
4285199
4285472
4286029
4287656
4287950
4288191
4288218
4288849
4289717
4289970
4290034
4290964
4291330
4291717
4291860
4291883
4291970
4292249
4292639
4292753
4293852
4294378
4294555
4294839
4295383
4295706
4296910
4296987
4297280
4297462
4297681
4298027
4298911
4300535
4300578
4300917
4301119
4301417
4302196
4302439
4302624
4303172
4303183
4303895
4304420
4304539
4305377
4305404
4305957
4306048
4306537
4306680
4306754
4308362
4309161
4309410
4310372
4311039
4311895
4312024
4312312
4312703
4313158
4313497
4313796
4313961
4314318
4314790
4315549
4316700
4316904
4317082
4317911
4317997
4318166
4318547
4318652
4318760
4319346
4319673
4319682
4319843
4319999
4320523
4320781
4321052
4321368
4322053
4322536
4324475
4324684
4324808
4326193
4327245
4327646
4327855
4327904
4327996
4328158
4330074
4330736
4330891
4331529
4332014
4332300
4332802
4333269
4334924
4335084
4336190
4336913
4336967
4337209
4337502
4337579
4337707
4337719
4338397
4338538
4338765
4338976
4339102
4339234
4339330
4339464
4339789
4340111
4340501
4341528
4341671
4341779
4342619
4342724
4342940
4343029
4343145
4343493
4345186
4345728
4346019
4346465
4346648
4347510
4347522
4347993
4348809
4349475
4349480
4350303
4350771
4352473
4353936
4354323
4354609
4356042
4356803
4357662
4357879
4358072
4358371
4358644
4359023
4359180
4359411
4359704
4360545
4360659
4360731
4361328
4362610
4364089
4364377
4365009
4365289
4365834
4366164
4366318
4366988
4367354
4367597
4367705
4367747
4368302
4368406
4368660
4368920
4369155
4369501
4370331
4370379
4370697
4371459
4372554
4372864
4374134
4375033
4375657
4375952
4376618
4376794
4376895
4376978
4377709
4378030
4378100
4378250
4379826
4380398
4380632
4380658
4381046
4382815
4384043
4384526
4385239
4386113
4386282
4386328
4386460
4386472
4386871
4388037
4388295
4388438
4388694
4388733
4389607
4390026
4390970
4391321
4391724
4392292
4392301
4392313
4392446
4392972
4393091
4393801
4393921
4393965
4394307
4394503
4395119
4395190
4395958
4397009
4397359
4398172
4398641
4398903
4398922
4399019
4399129
4399477
4400143
4400347
4400852
4401719
4402739
4403099
4403102
4403330
4403498
4403543
4403603
4403872
4404823
4404903
4405870
4405997
4406101
4406126
4406390
4406677
4407302
4407488
4407842
4408240
4409173
4409676
4411179
4411195
4411252
4411351
4411514
4411962
4412023
4412230
4413973
4414944
4415154
4415830
4416374
4416715
4417093
4417365
4418156
4418288
4418633
4418911
4419105
4419353
4420335
4421538
4421907
4422035
4422133
4422329
4422502
4422642
4423612
4423659
4424246
4424406
4424421
4424450
4425592
4425756
4426089
4426810
4427857
4428048
4428143
4428188
4428200
4428585
4428754
4428915
4430239
4431328
4432308
4432373
4432486
4436147
4436858
4436943
4437461
4437630
4438515
4439356
4439751
4439969
4440382
4440622
4440883
4441437
4441835
4441891
4442454
4442686
4442960
4443329
4445335
4446229
4446458
4447667
4447852
4448197
4448653
4448773
4448840
4449052
4449153
4449170
4449406
4451203
4451672
4451893
4452240
4452257
4453108
4453166
4454444
4455006
4455065
4455501
4455575
4456174
4456221
4456633
4457263
4459225
4459626
4460244
4461675
4461863
4462481
4463196
4463861
4464313
4464686
4465820
4466018
4466176
4466387
4467516
4468480
4468525
4469700
4469793
4470020
4470098
4470146
4471092
4471393
4471445
4471567
4471662
4471749
4472114
4473113
4473665
4474875
4474943
4474977
4475210
4475744
4476234
4476308
4477576
4477612
4478388
4478598
4478902
4481190
4481310
4481771
4481798
4482141
4482185
4482767
4483338
4483544
4483935
4484308
4485042
4486876
4487178
4487623
4489142
4489326
4489534
4489612
4490338
4490389
4490840
4491277
4492108
4493096
4493511
4493560
4493786
4494504
4494613
4494626
4494680
4494951
4495408
4495451
4495745
4495826
4496302
4496609
4497144
4497692
4497820
4498067
4498514
4498687
4499086
4499270
4500229
4500517
4500556
4500631
4501428
4502097
4502177
4502364
4502423
4502845
4502852
4504781
4505726
4505856
4507193
4507399
4507528
4507581
4508275
4508299
4510313
4510519
4510605
4511455
4511974
4512459
4512937
4513229
4513270
4514377
4515431
4515807
4516022
4516965
4517018
4517295
4517438
4517786
4520258
4520760
4521416
4521431
4522501
4522618
4523414
4524027
4524082
4524924
4525718
4526037
4526085
4527272
4527473
4528154
4529471
4530920
4531099
4531263
4531506
4532002
4532016
4533139
4533915
4534425
4534583
4534651
4534975
4535525
4535777
4536271
4537061
4537533
4538380
4539283
4540040
4540175
4540472
4540864
4541649
4542137
4542254
4542384
4542439
4543685
4544195
4544394
4544793
4545676
4545760
4546431
4546787
4547561
4548656
4548826
4549094
4549702
4550452
4550558
4550831
4551214
4551647
4551896
4552533
4553128
4554150
4554541
4556384
4556959
4557079
4557859
4557900
4558588
4558691
4558883
4559110
4559401
4559500
4560029
4560152
4561538
4562781
4563100
4563189
4563358
4564439
4566149
4566748
4566760
4568402
4568667
4568680
4568951
4569871
4570238
4570242
4570596
4571790
4571875
4572047
4572122
4572169
4572360
4573099
4573351
4573678
4574124
4574338
4575138
4575189
4575948
4576376
4576753
4576762
4577357
4577636
4577672
4577799
4577964
4579232
4579564
4579940
4580941
4581089
4581232
4581485
4581681
4582478
4582664
4583248
4583318
4583734
4583939
4584307
4584729
4585850
4585865
4586047
4586103
4586154
4586792
4587484
4587722
4587778
4588092
4588109
4589196
4590408
4590977
4591034
4591045
4591477
4591508
4591744
4591933
4592085
4592733
4592821
4593634
4594187
4594475
4594714
4596073
4596082
4596117
4596250
4597565
4597962
4598614
4599927
4600404
4601055
4601225
4602532
4603034
4603379
4603701
4604313
4604375
4605016
4605057
4606850
4607466
4607943
4608154
4608873
4609315
4610353
4610516
4610752
4610826
4611153
4611203
4611515
4612062
4612216
4612572
4612682
4612877
4613182
4613441
4613869
4614413
4615092
4615109
4616804
4617610
4617904
4618729
4618898
4620401
4620444
4620525
4620714
4621039
4621419
4621445
4622139
4622200
4623376
4624112
4624415
4624707
4625291
4625340
4625697
4626140
4626464
4626761
4627590
4628339
4628797
4629806
4630307
4631322
4633300
4633338
4633342
4634809
4635244
4636680
4636710
4636973
4637169
4637309
4637336
4637602
4638078
4638600
4638661
4639375
4640081
4640838
4641058
4641075
4642546
4643114
4645047
4645574
4646233
4646428
4646773
4647275
4648344
4649112
4649272
4649516
4650359
4651473
4652542
4652894
4653373
4653872
4654946
4655507
4655896
4656424
4656510
4657254
4657357
4657465
4657492
4657609
4657959
4657971
4658524
4659017
4659074
4659404
4659869
4660157
4660809
4661108
4661520
4662015
4662027
4662818
4663186
4663473
4663482
4663568
4663728
4663790
4664215
4664411
4664898
4665712
4665821
4665932
4666122
4667613
4667890
4668419
4668513
4669203
4669222
4669302
4669450
4669582
4671221
4671870
4672437
4674048
4674529
4674834
4676052
4676384
4677251
4679285
4680202
4680257
4680560
4680747
4680913
4681262
4681285
4681525
4683740
4683911
4684028
4684971
4684986
4685883
4685937
4686441
4686724
4686902
4687124
4687773
4688261
4688333
4688431
4688703
4689688
4689718
4689989
4690265
4690478
4690563
4690804
4690972
4691040
4692646
4692789
4692937
4693086
4693270
4693574
4694056
4694984
4695423
4696745
4696826
4697944
4698170
4698406
4700210
4700660
4701793
4701918
4702095
4702871
4702956
4703083
4703165
4703431
4703982
4704041
4705146
4706088
4706452
4706751
4706840
4708193
4708620
4708784
4709087
4709693
4709880
4709943
4709992
4710093
4710520
4710810
4711261
4711468
4711703
4711890
4712014
4712361
4713744
4714313
4714795
4715282
4715796
4716041
4716442
4717304
4717579
4718324
4718426
4718616
4719349
4719366
4720870
4720983
4721126
4721448
4721677
4721718
4721820
4722669
4722809
4723064
4723401
4723525
4724232
4724388
4724598
4724652
4725238
4725347
4726427
4726449
4726494
4726531
4726801
4727240
4727980
4728450
4728856
4728905
4729264
4729317
4729946
4730059
4731419
4734236
4734248
4734875
4734899
4735551
4737214
4737757
4738127
4739425
4739821
4741112
4741408
4741752
4742739
4742849
4744361
4744715
4745189
4745612
4746266
4746307
4747045
4748425
4748509
4749520
4749803
4750349
4750471
4750506
4750970
4751194
4751280
4751453
4752008
4752049
4752277
4752435
4752576
4753370
4753568
4753625
4754805
4755733
4756135
4756765
4758419
4758879
4759203
4762438
4763437
4763923
4764064
4764191
4764237
4764827
4765111
4765172
4765476
4765715
4766142
4766250
4766301
4766367
4766576
4767140
4767245
4767700
4768113
4768510
4769048
4769097
4770785
4771649
4772439
4772566
4773197
4773567
4774405
4775232
4775505
4775586
4776596
4776828
4777064
4777154
4777538
4778260
4779478
4780039
4780407
4780476
4780532
4780708
4781156
4781243
4781399
4782663
4782968
4783474
4783850
4783980
4784009
4784139
4784541
4785638
4785921
4786549
4786672
4786701
4787227
4787483
4791934
4792329
4792965
4793100
4794170
4794971
4795102
4796607
4797014
4797653
4797946
4798613
4798966
4799688
4799704
4799900
4800271
4800685
4801422
4801507
4801757
4802115
4802388
4802902
4802916
4803004
4803053
4803257
4803417
4803615
4804060
4804359
4804626
4806170
4807307
4807650
4807718
4807956
4808471
4808486
4808717
4809071
4809849
4810294
4810522
4810677
4812530
4812893
4813715
4814228
4814543
4815017
4815061
4815074
4816011
4816570
4816626
4816876
4818466
4818752
4819605
4819647
4819804
4820412
4820486
4820588
4822633
4822841
4822870
4822911
4823466
4824023
4824132
4824294
4825268
4825461
4826270
4826372
4826743
4828172
4828271
4828575
4831340
4831530
4832053
4832085
4832967
4833232
4833365
4833533
4834706
4834907
4835109
4835434
4836161
4836243
4836545
4837276
4837373
4837836
4837918
4838352
4838859
4839097
4840004
4840560
4840572
4842502
4842844
4842899
4842992
4843358
4843647
4844076
4844129
4844153
4844582
4844594
4845013
4846306
4848256
4848347
4848398
4848423
4848553
4849215
4850214
4850804
4850948
4851068
4852001
4852789
4852836
4853218
4853990
4854151
4855371
4856198
4856579
4856992
4857018
4857119
4857417
4857666
4858269
4858799
4858912
4859946
4860059
4860253
4860593
4860990
4861708
4861840
4862011
4862217
4862863
4863230
4864661
4865019
4865028
4865045
4865302
4865582
4865611
4866351
4867125
4867829
4868306
4868547
4868916
4869037
4870017
4870149
4871398
4873090
4873800
4874221
4874435
4874698
4874896
4875688
4876004
4876096
4876720
4877091
4878743
4878919
4879131
4879290
4879678
4879941
4880549
4880566
4881405
4881412
4882448
4882737
4883289
4883305
4883423
4883819
4885135
4887404
4887878
4888552
4889867
4890680
4890778
4891112
4891164
4891209
4892086
4892229
4892401
4892808
4893848
4894857
4895073
4895469
4895534
4895698
4895955
4896460
4896917
4897488
4898284
4898335
4899213
4899275
4899350
4899365
4900937
4901343
4901462
4901803
4902243
4902301
4902410
4902870
4903451
4903523
4903844
4903906
4903992
4905223
4905839
4905865
4906517
4907570
4908259
4908935
4909063
4909104
4909825
4909947
4910504
4911466
4914124
4915446
4915909
4916249
4916282
4916665
4916900
4917153
4917196
4917316
4917406
4917732
4917825
4917905
4918190
4918202
4918694
4919244
4919392
4919891
4920513
4921066
4921125
4921193
4921446
4921768
4921862
4922512
4923223
4923608
4924192
4924217
4924305
4924834
4925656
4925965
4927993
4928228
4928330
4930926
4931788
4931990
4932707
4933664
4933671
4933784
4933972
4934414
4934611
4935918
4936470
4936547
4936835
4936968
4936995
4938114
4938504
4938703
4939002
4939031
4939328
4940988
4941340
4941488
4941527
4941566
4941842
4942461
4944098
4944241
4944750
4945220
4945599
4945946
4947793
4948334
4948820
4950061
4950854
4951011
4951060
4951596
4951632
4951845
4951930
4952317
4952445
4953170
4953775
4955095
4955591
4956029
4957318
4958739
4959140
4960636
4961789
4961848
4961929
4963261
4963908
4964029
4964053
4964474
4965976
4966490
4966501
4966641
4967902
4968066
4968125
4968156
4968853
4969304
4969362
4969502
4969844
4970563
4970784
4970818
4971411
4971864
4971925
4973103
4973372
4973383
4973413
4974038
4974321
4975114
4975225
4975256
4975675
4976171
4976693
4976950
4977303
4977509
4978636
4978732
4979361
4979501
4979879
4981662
4981727
4982667
4982778
4982973
4983448
4986058
4986646
4987410
4987633
4987671
4988437
4989865
4990144
4990180
4990847
4990898
4991268
4991310
4991958
4992076
4992323
4993021
4993183
4993513
4994067
4994281
4995846
4995968
4996009
4996114
4996402
4996658
4997064
4997500
4997866
4997945
4997963
4998781
4998921
4999716
4999841
4999948
5000051
5000138
5000779
5001546
5001578
5001639
5001898
5002184
5002521
5002996
5003706
5004000
5005949
5006133
5006362
5006867
5006914
5006921
5009361
5010548
5010720
5010975
5011059
5011467
5011602
5011815
5012642
5012832
5013030
5013049
5013239
5014203
5014549
5015219
5015327
5015725
5016213
5017124
5017452
5017604
5017685
5018143
5018680
5019381
5019569
5019606
5019785
5019898
5020775
5020964
5021937
5022345
5024944
5025146
5025229
5025750
5025873
5025981
5026868
5027533
5027547
5027645
5028082
5029224
5029494
5029875
5030097
5030398
5030722
5031415
5031801
5031921
5032071
5032204
5032372
5032827
5033290
5033793
5033872
5034160
5034727
5035051
5035161
5035422
5036132
5036175
5036859
5038004
5038493
5038666
5038843
5038980
5039166
5039755
5039835
5041868
5042807
5044248
5044600
5044899
5044914
5046738
5046996
5047545
5048017
5048377
5048404
5048598
5048676
5049062
5049096
5049152
5049509
5049682
5049999
5050692
5050886
5050961
5051651
5052045
5052170
5052439
5053088
5053148
5053338
5053575
5054044
5054263
5055000
5055512
5056106
5056274
5056791
5056973
5057204
5057631
5057695
5057765
5058728
5058763
5058921
5059519
5059664
5060374
5060629
5060782
5061837
5062194
5062339
5062598
5063128
5063335
5064305
5064881
5065171
5065211
5065248
5065950
5067158
5069187
5069788
5070252
5071089
5071226
5071797
5073362
5073826
5074692
5075279
5075814
5075926
5076146
5076750
5077083
5077386
5077562
5078374
5078715
5078766
5079063
5079185
5079439
5079465
5079964
5080010
5080516
5080763
5080988
5081573
5081775
5082134
5082560
5082682
5082944
5082967
5083377
5083559
5083887
5083968
5083979
5084792
5084981
5085111
5086590
5086829
5088737
5089036
5089585
5090429
5090772
5091371
5091537
5092342
5093492
5094545
5095199
5096190
5096814
5096850
5097482
5097523
5097656
5097992
5098012
5098110
5098561
5099099
5100642
5101246
5101624
5101912
5102694
5103470
5103995
5104178
5104739
5104792
5105342
5105434
5105463
5105696
5106435
5106731
5106885
5107622
5107789
5108455
5108859
5109495
5109570
5110123
5110447
5110459
5110521
5110774
5111586
5111984
5112082
5113186
5113248
5113318
5113689
5114208
5114251
5114352
5114833
5114847
5115354
5116135
5116467
5116945
5118160
5119076
5119566
5120273
5120785
5120871
5120942
5121555
5122076
5122551
5122636
5122655
5122800
5123317
5123766
5123802
5123840
5124032
5124543
5124592
5125690
5125709
5125797
5125810
5126359
5126667
5126834
5126994
5128341
5128579
5128899
5130567
5130618
5131214
5131862
5132505
5133284
5133572
5133786
5134009
5135502
5135875
5136302
5136331
5137639
5137737
5138157
5138539
5138588
5139815
5140377
5140547
5140559
5140628
5140748
5141305
5141819
5141834
5141973
5142065
5142526
5142575
5143933
5144671
5145079
5145319
5145503
5145621
5145665
5145770
5147186
5147211
5147451
5147689
5147844
5147875
5148103
5148253
5148311
5149550
5150007
5150141
5150162
5151080
5151102
5153386
5153710
5153746
5153845
5155765
5155815
5156637
5156751
5157923
5158138
5158239
5158716
5158723
5158960
5159003
5159642
5160398
5160680
5160735
5160746
5161248
5162122
5162309
5163459
5164077
5164463
5165410
5165528
5166057
5166334
5166554
5166871
5167222
5168223
5168442
5168975
5169275
5169533
5170202
5170843
5171086
5172133
5172362
5172494
5172642
5172776
5172813
5173239
5173265
5174549
5174726
5175459
5176533
5176586
5176995
5177043
5177172
5178121
5178188
5179294
5179381
5179455
5179847
5180375
5182635
5184306
5184339
5185735
5185927
5187268
5187456
5187839
5187932
5188153
5188395
5190033
5190480
5190873
5191868
5191946
5192011
5192200
5193084
5193266
5194164
5194430
5194965
5195210
5196603
5197581
5197948
5197972
5198496
5198803
5200327
5200471
5201404
5201846
5201902
5202723
5202841
5203046
5205096
5205548
5205682
5205913
5206336
5206401
5206589
5207150
5207398
5207537
5207930
5208374
5209104
5209636
5210225
5211211
5211260
5211674
5212574
5213308
5213622
5214124
5214233
5214987
5215243
5215552
5215581
5215590
5216230
5216785
5216956
5217406
5217648
5217825
5218018
5218493
5218651
5219306
5219441
5219470
5219485
5220452
5221972
5222404
5224114
5224121
5224139
5224982
5226340
5227180
5228412
5228610
5228860
5228953
5232248
5232625
5232867
5232880
5233896
5234081
5234856
5234912
5235179
5235219
5235349
5235756
5235860
5236350
5238097
5238735
5239692
5239942
5240674
5241203
5242369
5242425
5242560
5242608
5243559
5244706
5244743
5245685
5246161
5247032
5247228
5247281
5247349
5247405
5247447
5247588
5247603
5248199
5249699
5250151
5250339
5250598
5251060
5251242
5251518
5251596
5252172
5252567
5253636
5254027
5254469
5254784
5254911
5255057
5255546
5255587
5255974
5256555
5256843
5257297
5258154
5258285
5258623
5258640
5259252
5259394
5260153
5260379
5260450
5260893
5261001
5262805
5263807
5264018
5264134
5264223
5264268
5264560
5265169
5265229
5266109
5266342
5266670
5266895
5266991
5267149
5267306
5267887
5267891
5268528
5268620
5268659
5268671
5269531
5270161
5271785
5272603
5272811
5273241
5273270
5273467
5273945
5273981
5274258
5274628
5274724
5274940
5277888
5277975
5278368
5278624
5278905
5279136
5280467
5280765
5282289
5282769
5283023
5285081
5285104
5285527
5285573
5285624
5285971
5286276
5287292
5288042
5288652
5288663
5288923
5289369
5290126
5290132
5290900
5291037
5291400
5292063
5292726
5293136
5293172
5293434
5294168
5294996
5295017
5295038
5295854
5296106
5296289
5296402
5296754
5297005
5297064
5297146
5297397
5298078
5298674
5299487
5299633
5299723
5300196
5300368
5300515
5300611
5301349
5302079
5302251
5302718
5303440
5303518
5303541
5303675
5304190
5304913
5305020
5305500
5305714
5307979
5309069
5309906
5309992
5310017
5310429
5310891
5311371
5311852
5313278
5313450
5313636
5313933
5314214
5314313
5314487
5314581
5314997
5317069
5317147
5317600
5317921
5318589
5318934
5319184
5320027
5320519
5321068
5321175
5321390
5321522
5322929
5323458
5323517
5323919
5324306
5324887
5325060
5326133
5326211
5326353
5327926
5328744
5329172
5329868
5330668
5330849
5330945
5331160
5331910
5332192
5332735
5333084
5333820
5334557
5334568
5335090
5335141
5336207
5336691
5336756
5338089
5338306
5338690
5338783
5339720
5340613
5340746
5341707
5341867
5342187
5342426
5342467
5342593
5342631
5343168
5343471
5343717
5344220
5344374
5346249
5346436
5346871
5347947
5348322
5348720
5348967
5349453
5349470
5349984
5350184
5350263
5351365
5351923
5351979
5352239
5352358
5352581
5352784
5353568
5353707
5354650
5355489
5355555
5355608
5355666
5355733
5356218
5357274
5358463
5359905
5360186
5360661
5360939
5361019
5361269
5361986
5362651
5363306
5363878
5364336
5364499
5364873
5364976
5365247
5366723
5366829
5367622
5367717
5367855
5369060
5369644
5370040
5370546
5370614
5370639
5370650
5370859
5370974
5371391
5374099
5374654
5375878
5376143
5376994
5377204
5377706
5377777
5377919
5378087
5378516
5379138
5379326
5379507
5380264
5380481
5380685
5382598
5382760
5383176
5383369
5385120
5385186
5386007
5386573
5387167
5387688
5387718
5387961
5388032
5388168
5388970
5389154
5389229
5389241
5390682
5391262
5391750
5391792
5392078
5392297
5393410
5393885
5394141
5394861
5395123
5395195
5395290
5395742
5396166
5396772
5397987
5398930
5399650
5399859
5400575
5401403
5401862
5402392
5402607
5403303
5403759
5403901
5404274
5404364
5405171
5406287
5406551
5407068
5407785
5408013
5409426
5409432
5410266
5410535
5411085
5412019
5412660
5412780
5413172
5413558
5414327
5415923
5416188
5416238
5416537
5416735
5417178
5417458
5417714
5417849
5418449
5419422
5419576
5419885
5419911
5419936
5420918
5420996
5421314
5421797
5422633
5422686
5422702
5422757
5423105
5423260
5424546
5424688
5424864
5424993
5425489
5425630
5425843
5426086
5427238
5427495
5427722
5427845
5427930
5428501
5428599
5429439
5429817
5431203
5431246
5431527
5431874
5432651
5433496
5433760
5433984
5434135
5434657
5435124
5435259
5436015
5436142
5436206
5436671
5436948
5436955
5437412
5437550
5438497
5438833
5439890
5441355
5442617
5443277
5443870
5443911
5444137
5444269
5444302
5444889
5444905
5445080
5445761
5445789
5446512
5447264
5447428
5448440
5448468
5448541
5450250
5450332
5451057
5452420
5452654
5452809
5453059
5454453
5454512
5454645
5454736
5455347
5456899
5457231
5457284
5457295
5459148
5459969
5460178
5460990
5461233
5462055
5462261
5462347
5462504
5463460
5463546
5463688
5464272
5464826
5464867
5464906
5465063
5465210
5466394
5466953
5466962
5467239
5468042
5468748
5469163
5469181
5469425
5469975
5470547
5470571
5471143
5471359
5471402
5471529
5472021
5472160
5472452
5473477
5473594
5474422
5475294
5475334
5476085
5476712
5477674
5477719
5477880
5478285
5478348
5478743
5478990
5479330
5479669
5480019
5480683
5481550
5482251
5482569
5483371
5483440
5484425
5484474
5486463
5486526
5486618
5487564
5488015
5488344
5488731
5489078
5489988
5490083
5490675
5490710
5490915
5491211
5492296
5492679
5492750
5494077
5494490
5494604
5495358
5496057
5496352
5498018
5499115
5499201
5499377
5499441
5499453
5500299
5500404
5500755
5501746
5502050
5502317
5502325
5503492
5504051
5504073
5504094
5504936
5505132
5505643
5506163
5506442
5506597
5507069
5507494
5508146
5508589
5509308
5509962
5510661
5511780
5511825
5512257
5515043
5515325
5516955
5518158
5519347
5520538
5521006
5521172
5521247
5521637
5521641
5521969
5522293
5523266
5523692
5523886
5525414
5525912
5526351
5526459
5527332
5527403
5527605
5528854
5528940
5529053
5529322
5529651
5530729
5530753
5530956
5531548
5531705
5533476
5533840
5534498
5536060
5536601
5536951
5537033
5537458
5538091
5538248
5538540
5538832
5539206
5540007
5540316
5541588
5542249
5543504
5544176
5544369
5544493
5544764
5544821
5544892
5545098
5545458
5545616
5545706
5545952
5545981
5546922
5547645
5547822
5548686
5549112
5549283
5549304
5549674
5550009
5550457
5550845
5551255
5551568
5552187
5552907
5553742
5553824
5553860
5554969
5555454
5555478
5555507
5556376
5556460
5556864
5556917
5557323
5558070
5558400
5558651
5558694
5559213
5561388
5562519
5562795
5562837
5563069
5563642
5563689
5564497
5564993
5565417
5565524
5566005
5566178
5566237
5566348
5566815
5568065
5568148
5568773
5569767
5569959
5570039
5570641
5571161
5571250
5573597
5573926
5574165
5574495
5574570
5574703
5575557
5575867
5575921
5576129
5576395
5576920
5577040
5577095
5577167
5577282
5577328
5577448
5577770
5578953
5579146
5579616
5579808
5579894
5580107
5581467
5581593
5581684
5582236
5583265
5583301
5583605
5583731
5584222
5584395
5584439
5585809
5586645
5587155
5587233
5588386
5588570
5588626
5588863
5589352
5589510
5589762
5591606
5592464
5593020
5593253
5593602
5594485
5596283
5596408
5596415
5596826
5596965
5597163
5597555
5597865
5598573
5598912
5599490
5599513
5600538
5600684
5601708
5601816
5602562
5603352
5604164
5604858
5605019
5605825
5606373
5606996
5607189
5608232
5608388
5609240
5609387
5609843
5609850
5611079
5611614
5611864
5612245
5612539
5613187
5613542
5614533
5615055
5616595
5616642
5616790
5616880
5618137
5618959
5619124
5619715
5619922
5620547
5620810
5621386
5621504
5621596
5622445
5622526
5622751
5623515
5623933
5624117
5624545
5624960
5625040
5625436
5625578
5625591
5625871
5626608
5626865
5627209
5627776
5627875
5628695
5628882
5629044
5629471
5629824
5630726
5631315
5631394
5632409
5633011
5633416
5633613
5633778
5633994
5634053
5634608
5635270
5635777
5637151
5638008
5638757
5639482
5640643
5640688
5640796
5640900
5641018
5641202
5641391
5641967
5642713
5643021
5643124
5643271
5643526
5643580
5645038
5645663
5645923
5646484
5646973
5647020
5647561
5647827
5647963
5649100
5649221
5649410
5649853
5650532
5650857
5651066
5651313
5651924
5652108
5652213
5652437
5652663
5652902
5653720
5654097
5654479
5654908
5655353
5656090
5656395
5656874
5657016
5657639
5657847
5658281
5658349
5658654
5658761
5658774
5658929
5658937
5659426
5660442
5660913
5661963
5662248
5662370
5662656
5663250
5665276
5665565
5666783
5666835
5666931
5667111
5667708
5667969
5668364
5668722
5669084
5669126
5669230
5669294
5669796
5669805
5670658
5671260
5671272
5671362
5671482
5671494
5672475
5672721
5672750
5673140
5673471
5673756
5674407
5674445
5674969
5675422
5675620
5676068
5678257
5678378
5678509
5678958
5679607
5679891
5679902
5679931
5680521
5680860
5681350
5681783
5681803
5681878
5682142
5682221
5682454
5682528
5682924
5683449
5683719
5683790
5684113
5684677
5688259
5688356
5688685
5689439
5691379
5691406
5691905
5692145
5692400
5692705
5692944
5693089
5693127
5693275
5694122
5694229
5694262
5694500
5694517
5695884
5696174
5696326
5696870
5696960
5697116
5697678
5697929
5698503
5699819
5700199
5700535
5700665
5700956
5701096
5701759
5701926
5702104
5702269
5702488
5702683
5703136
5703653
5704904
5705226
5706703
5706787
5707458
5707623
5707963
5708329
5708427
5708584
5709277
5709620
5709779
5710360
5710383
5711172
5711325
5711434
5711715
5712072
5712541
5712881
5714584
5715406
5715624
5715861
5716026
5716245
5716761
5716855
5717117
5717189
5717239
5717313
5717563
5717664
5717716
5718392
5718607
5719720
5719967
5720078
5720977
5721129
5721196
5722666
5722682
5723042
5723690
5723709
5723923
5724178
5724919
5725006
5725895
5726399
5726841
5729036
5729529
5729966
5730244
5731011
5731242
5731915
5731994
5732629
5732816
5733196
5734221
5735079
5735227
5736240
5736821
5738808
5739276
5739471
5739577
5739646
5739996
5740183
5740325
5740526
5741265
5742074
5742280
5742598
5742968
5743062
5744504
5744699
5745209
5745482
5747411
5747587
5747606
5747639
5747650
5747859
5748252
5749873
5750096
5750145
5750369
5751934
5752752
5752781
5752801
5752880
5753117
5753552
5753936
5754153
5754379
5755140
5755366
5755382
5755970
5756244
5756437
5757124
5757160
5757233
5758106
5758359
5758553
5759859
5760664
5760698
5761569
5761753
5761785
5762691
5763012
5764115
5764634
5764797
5765293
5765890
5766054
5767152
5767257
5767369
5767865
5768034
5768222
5768800
5769077
5769109
5769124
5769300
5769662
5769730
5770861
5770964
5771433
5771506
5772079
5772328
5772665
5773011
5773289
5773386
5773626
5773658
5773949
5774814
5774888
5775851
5776264
5776389
5777339
5777418
5778403
5779451
5779832
5779950
5780261
5780746
5781734
5782047
5783252
5783420
5784463
5785030
5785620
5785829
5786294
5786483
5787323
5787609
5788346
5788583
5789258
5789940
5790131
5790207
5790290
5790793
5790883
5791343
5792265
5792313
5792757
5793449
5793516
5793674
5793689
5793728
5793921
5795053
5795705
5796525
5796928
5797333
5798233
5799104
5799235
5800479
5800626
5800834
5801198
5801719
5801734
5802714
5804124
5804298
5804637
5805049
5805534
5805581
5806016
5806180
5806294
5806554
5806864
5806900
5806993
5807443
5807530
5807624
5807648
5807767
5808202
5808892
5809429
5809533
5810045
5810508
5810611
5810920
5811308
5811539
5811811
5812455
5812956
5813009
5814240
5814615
5814814
5815191
5815743
5816109
5816124
5816575
5816618
5817280
5817607
5817663
5817869
5818277
5818671
5819341
5819516
5820202
5820391
5820509
5821135
5821204
5821695
5821830
5821894
5821919
5823161
5823380
5823664
5824034
5824492
5824508
5825263
5827922
5828055
5828402
5828457
5829167
5829688
5829796
5830620
5831460
5831510
5832539
5832687
5832937
5833285
5833324
5833525
5833714
5833743
5834025
5834089
5834213
5834258
5834275
5834835
5835951
5835982
5836198
5837119
5837442
5838488
5838515
5839823
5839935
5840245
5840281
5840622
5841418
5841797
5841923
5842552
5842716
5843236
5844023
5844215
5845666
5845839
5846169
5846458
5847601
5847807
5848065
5848160
5848782
5850010
5850159
5850186
5850353
5850430
5853201
5853232
5854397
5854525
5854743
5855014
5855641
5855662
5856094
5857140
5857646
5858175
5858650
5859261
5860280
5860846
5861097
5861495
5862670
5862696
5863414
5864507
5864581
5864804
5864870
5865227
5865273
5865294
5865535
5865692
5866597
5866967
5868020
5868467
5869207
5870122
5870355
5870695
5872293
5872553
5872890
5872930
5873144
5873376
5873886
5874502
5874557
5874595
5875838
5876382
5876669
5876929
5877161
5877189
5877576
5877853
5878093
5878127
5879850
5880273
5880900
5881651
5881759
5881806
5882170
5882800
5884099
5884789
5885505
5885709
5886703
5887218
5887928
5888198
5889243
5889552
5890205
5890618
5890685
5891243
5891292
5891633
5892182
5892418
5892564
5892628
5893322
5893926
5894192
5894359
5895054
5895707
5896185
5896278
5896549
5897101
5897753
5899894
5900004
5900190
5900456
5900560
5900999
5901808
5901907
5902087
5902120
5902171
5903716
5904045
5905420
5905603
5905929
5906681
5906736
5907109
5907148
5907271
5907393
5907558
5907629
5908097
5908261
5908364
5908484
5909483
5909956
5910077
5910653
5910708
5910895
5911161
5911757
5911779
5913107
5913651
5913759
5914754
5914791
5915813
5916331
5917409
5918592
5918937
5919237
5921385
5921427
5921523
5921642
5921950
5922059
5922561
5923026
5924445
5925008
5925664
5926079
5926497
5927141
5927508
5927838
5929760
5929984
5930252
5930330
5930824
5930855
5931151
5931213
5931232
5931634
5931979
5932740
5933568
5934424
5934753
5935202
5936103
5936631
5937114
5937347
5937541
5938148
5938419
5938513
5938670
5938946
5939129
5940277
5940795
5940837
5941068
5941273
5941741
5941770
5942330
5942970
5943919
5944709
5945009
5945915
5946584
5946977
5947216
5947442
5948368
5948609
5948726
5948732
5949298
5949393
5949946
5949969
5950071
5950218
5950336
5950714
5951325
5952114
5952165
5952200
5952699
5953079
5953307
5953812
5954494
5955947
5956001
5956075
5956308
5956486
5957478
5958339
5958628
5959474
5959850
5960002
5960448
5961673
5962340
5962732
5963148
5963895
5964058
5964464
5966890
5966982
5968112
5968939
5969446
5969581
5969911
5970211
5970370
5971331
5971683
5972085
5972572
5973244
5974500
5974623
5975618
5976446
5976841
5977058
5977742
5979596
5979613
5980520
5980797
5981398
5982247
5982361
5982501
5982879
5983196
5983697
5984818
5986771
5987494
5987826
5987992
5988154
5988336
5988589
5988631
5988882
5988934
5989195
5989700
5991872
5992409
5993114
5993570
5994176
5995309
5995714
5996730
5997275
5998659
5998671
5998870
5999091
5999494
5999579
6000282
6001004
6001572
6002450
6002611
6002986
6003077
6003434
6004904
6004918
6006440
6007574
6007990
6008147
6008318
6008693
6008858
6009326
6009740
6010324
6010467
6010668
6010777
6011183
6012890
6013023
6014656
6014776
6014965
6014977
6015624
6016276
6016543
6017094
6017983
6018201
6018321
6019627
6019759
6019839
6020674
6021655
6021660
6022627
6022651
6023891
6024146
6024187
6024241
6024270
